,ID,Pred,Season,LTeam,RTeam,SeedL,SeedR,RegL,RegR,Upset
0,2019_1101_1113,0.5,2019,1101,1113,15,11,Y,X,0
1,2019_1101_1120,0.5,2019,1101,1120,15,5,Y,Y,0
2,2019_1101_1124,0.5,2019,1101,1124,15,9,Y,X,0
3,2019_1101_1125,0.5,2019,1101,1125,15,11,Y,W,0
4,2019_1101_1133,0.5,2019,1101,1133,15,15,Y,W,0
5,2019_1101_1138,0.5,2019,1101,1138,15,6,Y,X,0
6,2019_1101_1153,0.5,2019,1101,1153,15,7,Y,Z,0
7,2019_1101_1159,0.5,2019,1101,1159,15,15,Y,Z,0
8,2019_1101_1181,0.5,2019,1101,1181,15,1,Y,W,0
9,2019_1101_1192,0.5,2019,1101,1192,15,16,Y,X,0
10,2019_1101_1196,0.5,2019,1101,1196,15,10,Y,X,0
11,2019_1101_1199,0.5,2019,1101,1199,15,4,Y,X,0
12,2019_1101_1205,0.5,2019,1101,1205,15,16,Y,Z,0
13,2019_1101_1209,0.5,2019,1101,1209,15,14,Y,Y,0
14,2019_1101_1211,0.5,2019,1101,1211,15,1,Y,X,0
15,2019_1101_1222,0.5,2019,1101,1222,15,3,Y,Y,0
16,2019_1101_1233,0.5,2019,1101,1233,15,16,Y,Y,0
17,2019_1101_1234,0.5,2019,1101,1234,15,10,Y,Z,0
18,2019_1101_1235,0.5,2019,1101,1235,15,6,Y,Y,0
19,2019_1101_1242,0.5,2019,1101,1242,15,4,Y,Y,0
20,2019_1101_1243,0.5,2019,1101,1243,15,4,Y,Z,0
21,2019_1101_1246,0.5,2019,1101,1246,15,2,Y,Y,0
22,2019_1101_1251,0.5,2019,1101,1251,15,12,Y,W,0
23,2019_1101_1257,0.5,2019,1101,1257,15,7,Y,W,0
24,2019_1101_1261,0.5,2019,1101,1261,15,3,Y,W,0
25,2019_1101_1266,0.5,2019,1101,1266,15,5,Y,X,0
26,2019_1101_1268,0.5,2019,1101,1268,15,6,Y,W,0
27,2019_1101_1276,0.5,2019,1101,1276,15,2,Y,X,0
28,2019_1101_1277,0.5,2019,1101,1277,15,2,Y,W,0
29,2019_1101_1278,0.5,2019,1101,1278,15,10,Y,W,0
30,2019_1101_1279,0.5,2019,1101,1279,15,8,Y,Z,0
31,2019_1101_1280,0.5,2019,1101,1280,15,5,Y,W,0
32,2019_1101_1285,0.5,2019,1101,1285,15,15,Y,X,0
33,2019_1101_1293,0.5,2019,1101,1293,15,12,Y,X,0
34,2019_1101_1295,0.5,2019,1101,1295,15,16,Y,W,0
35,2019_1101_1297,0.5,2019,1101,1297,15,14,Y,X,0
36,2019_1101_1300,0.5,2019,1101,1300,15,16,Y,W,0
37,2019_1101_1305,0.5,2019,1101,1305,15,7,Y,X,0
38,2019_1101_1308,0.5,2019,1101,1308,15,12,Y,Y,0
39,2019_1101_1314,0.5,2019,1101,1314,15,1,Y,Y,0
40,2019_1101_1318,0.5,2019,1101,1318,15,13,Y,Y,0
41,2019_1101_1326,0.5,2019,1101,1326,15,11,Y,Y,0
42,2019_1101_1328,0.5,2019,1101,1328,15,9,Y,Z,0
43,2019_1101_1330,0.5,2019,1101,1330,15,14,Y,Z,0
44,2019_1101_1332,0.5,2019,1101,1332,15,12,Y,Z,0
45,2019_1101_1341,0.5,2019,1101,1341,15,16,Y,X,0
46,2019_1101_1345,0.5,2019,1101,1345,15,3,Y,Z,0
47,2019_1101_1371,0.5,2019,1101,1371,15,10,Y,Y,0
48,2019_1101_1385,0.5,2019,1101,1385,15,11,Y,X,0
49,2019_1101_1387,0.5,2019,1101,1387,15,13,Y,W,0
50,2019_1101_1388,0.5,2019,1101,1388,15,11,Y,Z,0
51,2019_1101_1393,0.5,2019,1101,1393,15,8,Y,X,0
52,2019_1101_1396,0.5,2019,1101,1396,15,11,Y,W,0
53,2019_1101_1397,0.5,2019,1101,1397,15,2,Y,Z,0
54,2019_1101_1403,0.5,2019,1101,1403,15,3,Y,X,0
55,2019_1101_1414,0.5,2019,1101,1414,15,13,Y,Z,0
56,2019_1101_1416,0.5,2019,1101,1416,15,9,Y,W,0
57,2019_1101_1429,0.5,2019,1101,1429,15,8,Y,Y,0
58,2019_1101_1433,0.5,2019,1101,1433,15,8,Y,W,0
59,2019_1101_1436,0.5,2019,1101,1436,15,13,Y,X,0
60,2019_1101_1437,0.5,2019,1101,1437,15,6,Y,Z,0
61,2019_1101_1438,0.5,2019,1101,1438,15,1,Y,Z,0
62,2019_1101_1439,0.5,2019,1101,1439,15,4,Y,W,0
63,2019_1101_1449,0.5,2019,1101,1449,15,9,Y,Y,0
64,2019_1101_1458,0.5,2019,1101,1458,15,5,Y,Z,0
65,2019_1101_1459,0.5,2019,1101,1459,15,7,Y,Y,0
66,2019_1101_1463,0.5,2019,1101,1463,15,14,Y,W,0
67,2019_1113_1120,0.5,2019,1113,1120,11,5,X,Y,0
68,2019_1113_1124,0.5,2019,1113,1124,11,9,X,X,0
69,2019_1113_1125,0.5,2019,1113,1125,11,11,X,W,0
70,2019_1113_1133,0.5,2019,1113,1133,11,15,X,W,0
71,2019_1113_1138,0.5,2019,1113,1138,11,6,X,X,0
72,2019_1113_1153,0.5,2019,1113,1153,11,7,X,Z,0
73,2019_1113_1159,0.5,2019,1113,1159,11,15,X,Z,0
74,2019_1113_1181,0.5,2019,1113,1181,11,1,X,W,0
75,2019_1113_1192,0.5,2019,1113,1192,11,16,X,X,0
76,2019_1113_1196,0.5,2019,1113,1196,11,10,X,X,0
77,2019_1113_1199,0.5,2019,1113,1199,11,4,X,X,0
78,2019_1113_1205,0.5,2019,1113,1205,11,16,X,Z,0
79,2019_1113_1209,0.5,2019,1113,1209,11,14,X,Y,0
80,2019_1113_1211,0.5,2019,1113,1211,11,1,X,X,0
81,2019_1113_1222,0.5,2019,1113,1222,11,3,X,Y,0
82,2019_1113_1233,0.5,2019,1113,1233,11,16,X,Y,0
83,2019_1113_1234,0.5,2019,1113,1234,11,10,X,Z,0
84,2019_1113_1235,0.5,2019,1113,1235,11,6,X,Y,0
85,2019_1113_1242,0.5,2019,1113,1242,11,4,X,Y,0
86,2019_1113_1243,0.5,2019,1113,1243,11,4,X,Z,0
87,2019_1113_1246,0.5,2019,1113,1246,11,2,X,Y,0
88,2019_1113_1251,0.5,2019,1113,1251,11,12,X,W,0
89,2019_1113_1257,0.5,2019,1113,1257,11,7,X,W,0
90,2019_1113_1261,0.5,2019,1113,1261,11,3,X,W,0
91,2019_1113_1266,0.5,2019,1113,1266,11,5,X,X,0
92,2019_1113_1268,0.5,2019,1113,1268,11,6,X,W,0
93,2019_1113_1276,0.5,2019,1113,1276,11,2,X,X,0
94,2019_1113_1277,0.5,2019,1113,1277,11,2,X,W,0
95,2019_1113_1278,0.5,2019,1113,1278,11,10,X,W,0
96,2019_1113_1279,0.5,2019,1113,1279,11,8,X,Z,0
97,2019_1113_1280,0.5,2019,1113,1280,11,5,X,W,0
98,2019_1113_1285,0.5,2019,1113,1285,11,15,X,X,0
99,2019_1113_1293,0.5,2019,1113,1293,11,12,X,X,0
100,2019_1113_1295,0.5,2019,1113,1295,11,16,X,W,0
101,2019_1113_1297,0.5,2019,1113,1297,11,14,X,X,0
102,2019_1113_1300,0.5,2019,1113,1300,11,16,X,W,0
103,2019_1113_1305,0.5,2019,1113,1305,11,7,X,X,0
104,2019_1113_1308,0.5,2019,1113,1308,11,12,X,Y,0
105,2019_1113_1314,0.5,2019,1113,1314,11,1,X,Y,0
106,2019_1113_1318,0.5,2019,1113,1318,11,13,X,Y,0
107,2019_1113_1326,0.5,2019,1113,1326,11,11,X,Y,0
108,2019_1113_1328,0.5,2019,1113,1328,11,9,X,Z,0
109,2019_1113_1330,0.5,2019,1113,1330,11,14,X,Z,0
110,2019_1113_1332,0.5,2019,1113,1332,11,12,X,Z,0
111,2019_1113_1341,0.5,2019,1113,1341,11,16,X,X,0
112,2019_1113_1345,0.5,2019,1113,1345,11,3,X,Z,0
113,2019_1113_1371,0.5,2019,1113,1371,11,10,X,Y,0
114,2019_1113_1385,0.5,2019,1113,1385,11,11,X,X,0
115,2019_1113_1387,0.5,2019,1113,1387,11,13,X,W,0
116,2019_1113_1388,0.5,2019,1113,1388,11,11,X,Z,0
117,2019_1113_1393,0.5,2019,1113,1393,11,8,X,X,0
118,2019_1113_1396,0.5,2019,1113,1396,11,11,X,W,0
119,2019_1113_1397,0.5,2019,1113,1397,11,2,X,Z,0
120,2019_1113_1403,0.5,2019,1113,1403,11,3,X,X,0
121,2019_1113_1414,0.5,2019,1113,1414,11,13,X,Z,0
122,2019_1113_1416,0.5,2019,1113,1416,11,9,X,W,0
123,2019_1113_1429,0.5,2019,1113,1429,11,8,X,Y,0
124,2019_1113_1433,0.5,2019,1113,1433,11,8,X,W,0
125,2019_1113_1436,0.5,2019,1113,1436,11,13,X,X,0
126,2019_1113_1437,0.5,2019,1113,1437,11,6,X,Z,0
127,2019_1113_1438,0.5,2019,1113,1438,11,1,X,Z,0
128,2019_1113_1439,0.5,2019,1113,1439,11,4,X,W,0
129,2019_1113_1449,0.5,2019,1113,1449,11,9,X,Y,0
130,2019_1113_1458,0.5,2019,1113,1458,11,5,X,Z,0
131,2019_1113_1459,0.5,2019,1113,1459,11,7,X,Y,0
132,2019_1113_1463,0.5,2019,1113,1463,11,14,X,W,0
133,2019_1120_1124,0.5,2019,1120,1124,5,9,Y,X,0
134,2019_1120_1125,0.5,2019,1120,1125,5,11,Y,W,0
135,2019_1120_1133,0.5,2019,1120,1133,5,15,Y,W,0
136,2019_1120_1138,0.5,2019,1120,1138,5,6,Y,X,0
137,2019_1120_1153,0.5,2019,1120,1153,5,7,Y,Z,0
138,2019_1120_1159,0.5,2019,1120,1159,5,15,Y,Z,0
139,2019_1120_1181,0.5,2019,1120,1181,5,1,Y,W,0
140,2019_1120_1192,0.5,2019,1120,1192,5,16,Y,X,0
141,2019_1120_1196,0.5,2019,1120,1196,5,10,Y,X,0
142,2019_1120_1199,0.5,2019,1120,1199,5,4,Y,X,0
143,2019_1120_1205,0.5,2019,1120,1205,5,16,Y,Z,0
144,2019_1120_1209,0.5,2019,1120,1209,5,14,Y,Y,0
145,2019_1120_1211,0.5,2019,1120,1211,5,1,Y,X,0
146,2019_1120_1222,0.5,2019,1120,1222,5,3,Y,Y,0
147,2019_1120_1233,0.5,2019,1120,1233,5,16,Y,Y,0
148,2019_1120_1234,0.5,2019,1120,1234,5,10,Y,Z,0
149,2019_1120_1235,0.5,2019,1120,1235,5,6,Y,Y,0
150,2019_1120_1242,0.5,2019,1120,1242,5,4,Y,Y,0
151,2019_1120_1243,0.5,2019,1120,1243,5,4,Y,Z,0
152,2019_1120_1246,0.5,2019,1120,1246,5,2,Y,Y,0
153,2019_1120_1251,0.5,2019,1120,1251,5,12,Y,W,0
154,2019_1120_1257,0.5,2019,1120,1257,5,7,Y,W,0
155,2019_1120_1261,0.5,2019,1120,1261,5,3,Y,W,0
156,2019_1120_1266,0.5,2019,1120,1266,5,5,Y,X,0
157,2019_1120_1268,0.5,2019,1120,1268,5,6,Y,W,0
158,2019_1120_1276,0.5,2019,1120,1276,5,2,Y,X,0
159,2019_1120_1277,0.5,2019,1120,1277,5,2,Y,W,0
160,2019_1120_1278,0.5,2019,1120,1278,5,10,Y,W,0
161,2019_1120_1279,0.5,2019,1120,1279,5,8,Y,Z,0
162,2019_1120_1280,0.5,2019,1120,1280,5,5,Y,W,0
163,2019_1120_1285,0.5,2019,1120,1285,5,15,Y,X,0
164,2019_1120_1293,0.5,2019,1120,1293,5,12,Y,X,0
165,2019_1120_1295,0.5,2019,1120,1295,5,16,Y,W,0
166,2019_1120_1297,0.5,2019,1120,1297,5,14,Y,X,0
167,2019_1120_1300,0.5,2019,1120,1300,5,16,Y,W,0
168,2019_1120_1305,0.5,2019,1120,1305,5,7,Y,X,0
169,2019_1120_1308,0.5,2019,1120,1308,5,12,Y,Y,0
170,2019_1120_1314,0.5,2019,1120,1314,5,1,Y,Y,0
171,2019_1120_1318,0.5,2019,1120,1318,5,13,Y,Y,0
172,2019_1120_1326,0.5,2019,1120,1326,5,11,Y,Y,0
173,2019_1120_1328,0.5,2019,1120,1328,5,9,Y,Z,0
174,2019_1120_1330,0.5,2019,1120,1330,5,14,Y,Z,0
175,2019_1120_1332,0.5,2019,1120,1332,5,12,Y,Z,0
176,2019_1120_1341,0.5,2019,1120,1341,5,16,Y,X,0
177,2019_1120_1345,0.5,2019,1120,1345,5,3,Y,Z,0
178,2019_1120_1371,0.5,2019,1120,1371,5,10,Y,Y,0
179,2019_1120_1385,0.5,2019,1120,1385,5,11,Y,X,0
180,2019_1120_1387,0.5,2019,1120,1387,5,13,Y,W,0
181,2019_1120_1388,0.5,2019,1120,1388,5,11,Y,Z,0
182,2019_1120_1393,0.5,2019,1120,1393,5,8,Y,X,0
183,2019_1120_1396,0.5,2019,1120,1396,5,11,Y,W,0
184,2019_1120_1397,0.5,2019,1120,1397,5,2,Y,Z,0
185,2019_1120_1403,0.5,2019,1120,1403,5,3,Y,X,0
186,2019_1120_1414,0.5,2019,1120,1414,5,13,Y,Z,0
187,2019_1120_1416,0.5,2019,1120,1416,5,9,Y,W,0
188,2019_1120_1429,0.5,2019,1120,1429,5,8,Y,Y,0
189,2019_1120_1433,0.5,2019,1120,1433,5,8,Y,W,0
190,2019_1120_1436,0.5,2019,1120,1436,5,13,Y,X,0
191,2019_1120_1437,0.5,2019,1120,1437,5,6,Y,Z,0
192,2019_1120_1438,0.5,2019,1120,1438,5,1,Y,Z,0
193,2019_1120_1439,0.5,2019,1120,1439,5,4,Y,W,0
194,2019_1120_1449,0.5,2019,1120,1449,5,9,Y,Y,0
195,2019_1120_1458,0.5,2019,1120,1458,5,5,Y,Z,0
196,2019_1120_1459,0.5,2019,1120,1459,5,7,Y,Y,0
197,2019_1120_1463,0.5,2019,1120,1463,5,14,Y,W,0
198,2019_1124_1125,0.5,2019,1124,1125,9,11,X,W,0
199,2019_1124_1133,0.5,2019,1124,1133,9,15,X,W,0
200,2019_1124_1138,0.5,2019,1124,1138,9,6,X,X,0
201,2019_1124_1153,0.5,2019,1124,1153,9,7,X,Z,0
202,2019_1124_1159,0.5,2019,1124,1159,9,15,X,Z,0
203,2019_1124_1181,0.5,2019,1124,1181,9,1,X,W,0
204,2019_1124_1192,0.5,2019,1124,1192,9,16,X,X,0
205,2019_1124_1196,0.5,2019,1124,1196,9,10,X,X,0
206,2019_1124_1199,0.5,2019,1124,1199,9,4,X,X,0
207,2019_1124_1205,0.5,2019,1124,1205,9,16,X,Z,0
208,2019_1124_1209,0.5,2019,1124,1209,9,14,X,Y,0
209,2019_1124_1211,0.5,2019,1124,1211,9,1,X,X,0
210,2019_1124_1222,0.5,2019,1124,1222,9,3,X,Y,0
211,2019_1124_1233,0.5,2019,1124,1233,9,16,X,Y,0
212,2019_1124_1234,0.5,2019,1124,1234,9,10,X,Z,0
213,2019_1124_1235,0.5,2019,1124,1235,9,6,X,Y,0
214,2019_1124_1242,0.5,2019,1124,1242,9,4,X,Y,0
215,2019_1124_1243,0.5,2019,1124,1243,9,4,X,Z,0
216,2019_1124_1246,0.5,2019,1124,1246,9,2,X,Y,0
217,2019_1124_1251,0.5,2019,1124,1251,9,12,X,W,0
218,2019_1124_1257,0.5,2019,1124,1257,9,7,X,W,0
219,2019_1124_1261,0.5,2019,1124,1261,9,3,X,W,0
220,2019_1124_1266,0.5,2019,1124,1266,9,5,X,X,0
221,2019_1124_1268,0.5,2019,1124,1268,9,6,X,W,0
222,2019_1124_1276,0.5,2019,1124,1276,9,2,X,X,0
223,2019_1124_1277,0.5,2019,1124,1277,9,2,X,W,0
224,2019_1124_1278,0.5,2019,1124,1278,9,10,X,W,0
225,2019_1124_1279,0.5,2019,1124,1279,9,8,X,Z,0
226,2019_1124_1280,0.5,2019,1124,1280,9,5,X,W,0
227,2019_1124_1285,0.5,2019,1124,1285,9,15,X,X,0
228,2019_1124_1293,0.5,2019,1124,1293,9,12,X,X,0
229,2019_1124_1295,0.5,2019,1124,1295,9,16,X,W,0
230,2019_1124_1297,0.5,2019,1124,1297,9,14,X,X,0
231,2019_1124_1300,0.5,2019,1124,1300,9,16,X,W,0
232,2019_1124_1305,0.5,2019,1124,1305,9,7,X,X,0
233,2019_1124_1308,0.5,2019,1124,1308,9,12,X,Y,0
234,2019_1124_1314,0.5,2019,1124,1314,9,1,X,Y,0
235,2019_1124_1318,0.5,2019,1124,1318,9,13,X,Y,0
236,2019_1124_1326,0.5,2019,1124,1326,9,11,X,Y,0
237,2019_1124_1328,0.5,2019,1124,1328,9,9,X,Z,0
238,2019_1124_1330,0.5,2019,1124,1330,9,14,X,Z,0
239,2019_1124_1332,0.5,2019,1124,1332,9,12,X,Z,0
240,2019_1124_1341,0.5,2019,1124,1341,9,16,X,X,0
241,2019_1124_1345,0.5,2019,1124,1345,9,3,X,Z,0
242,2019_1124_1371,0.5,2019,1124,1371,9,10,X,Y,0
243,2019_1124_1385,0.5,2019,1124,1385,9,11,X,X,0
244,2019_1124_1387,0.5,2019,1124,1387,9,13,X,W,0
245,2019_1124_1388,0.5,2019,1124,1388,9,11,X,Z,0
246,2019_1124_1393,0.5,2019,1124,1393,9,8,X,X,0
247,2019_1124_1396,0.5,2019,1124,1396,9,11,X,W,0
248,2019_1124_1397,0.5,2019,1124,1397,9,2,X,Z,0
249,2019_1124_1403,0.5,2019,1124,1403,9,3,X,X,0
250,2019_1124_1414,0.5,2019,1124,1414,9,13,X,Z,0
251,2019_1124_1416,0.5,2019,1124,1416,9,9,X,W,0
252,2019_1124_1429,0.5,2019,1124,1429,9,8,X,Y,0
253,2019_1124_1433,0.5,2019,1124,1433,9,8,X,W,0
254,2019_1124_1436,0.5,2019,1124,1436,9,13,X,X,0
255,2019_1124_1437,0.5,2019,1124,1437,9,6,X,Z,0
256,2019_1124_1438,0.5,2019,1124,1438,9,1,X,Z,0
257,2019_1124_1439,0.5,2019,1124,1439,9,4,X,W,0
258,2019_1124_1449,0.5,2019,1124,1449,9,9,X,Y,0
259,2019_1124_1458,0.5,2019,1124,1458,9,5,X,Z,0
260,2019_1124_1459,0.5,2019,1124,1459,9,7,X,Y,0
261,2019_1124_1463,0.5,2019,1124,1463,9,14,X,W,0
262,2019_1125_1133,0.5,2019,1125,1133,11,15,W,W,0
263,2019_1125_1138,0.5,2019,1125,1138,11,6,W,X,0
264,2019_1125_1153,0.5,2019,1125,1153,11,7,W,Z,0
265,2019_1125_1159,0.5,2019,1125,1159,11,15,W,Z,0
266,2019_1125_1181,0.5,2019,1125,1181,11,1,W,W,0
267,2019_1125_1192,0.5,2019,1125,1192,11,16,W,X,0
268,2019_1125_1196,0.5,2019,1125,1196,11,10,W,X,0
269,2019_1125_1199,0.5,2019,1125,1199,11,4,W,X,0
270,2019_1125_1205,0.5,2019,1125,1205,11,16,W,Z,0
271,2019_1125_1209,0.5,2019,1125,1209,11,14,W,Y,0
272,2019_1125_1211,0.5,2019,1125,1211,11,1,W,X,0
273,2019_1125_1222,0.5,2019,1125,1222,11,3,W,Y,0
274,2019_1125_1233,0.5,2019,1125,1233,11,16,W,Y,0
275,2019_1125_1234,0.5,2019,1125,1234,11,10,W,Z,0
276,2019_1125_1235,0.5,2019,1125,1235,11,6,W,Y,0
277,2019_1125_1242,0.5,2019,1125,1242,11,4,W,Y,0
278,2019_1125_1243,0.5,2019,1125,1243,11,4,W,Z,0
279,2019_1125_1246,0.5,2019,1125,1246,11,2,W,Y,0
280,2019_1125_1251,0.5,2019,1125,1251,11,12,W,W,0
281,2019_1125_1257,0.5,2019,1125,1257,11,7,W,W,0
282,2019_1125_1261,0.5,2019,1125,1261,11,3,W,W,0
283,2019_1125_1266,0.5,2019,1125,1266,11,5,W,X,0
284,2019_1125_1268,0.5,2019,1125,1268,11,6,W,W,0
285,2019_1125_1276,0.5,2019,1125,1276,11,2,W,X,0
286,2019_1125_1277,0.5,2019,1125,1277,11,2,W,W,0
287,2019_1125_1278,0.5,2019,1125,1278,11,10,W,W,0
288,2019_1125_1279,0.5,2019,1125,1279,11,8,W,Z,0
289,2019_1125_1280,0.5,2019,1125,1280,11,5,W,W,0
290,2019_1125_1285,0.5,2019,1125,1285,11,15,W,X,0
291,2019_1125_1293,0.5,2019,1125,1293,11,12,W,X,0
292,2019_1125_1295,0.5,2019,1125,1295,11,16,W,W,0
293,2019_1125_1297,0.5,2019,1125,1297,11,14,W,X,0
294,2019_1125_1300,0.5,2019,1125,1300,11,16,W,W,0
295,2019_1125_1305,0.5,2019,1125,1305,11,7,W,X,0
296,2019_1125_1308,0.5,2019,1125,1308,11,12,W,Y,0
297,2019_1125_1314,0.5,2019,1125,1314,11,1,W,Y,0
298,2019_1125_1318,0.5,2019,1125,1318,11,13,W,Y,0
299,2019_1125_1326,0.5,2019,1125,1326,11,11,W,Y,0
300,2019_1125_1328,0.5,2019,1125,1328,11,9,W,Z,0
301,2019_1125_1330,0.5,2019,1125,1330,11,14,W,Z,0
302,2019_1125_1332,0.5,2019,1125,1332,11,12,W,Z,0
303,2019_1125_1341,0.5,2019,1125,1341,11,16,W,X,0
304,2019_1125_1345,0.5,2019,1125,1345,11,3,W,Z,0
305,2019_1125_1371,0.5,2019,1125,1371,11,10,W,Y,0
306,2019_1125_1385,0.5,2019,1125,1385,11,11,W,X,0
307,2019_1125_1387,0.5,2019,1125,1387,11,13,W,W,0
308,2019_1125_1388,0.5,2019,1125,1388,11,11,W,Z,0
309,2019_1125_1393,0.5,2019,1125,1393,11,8,W,X,0
310,2019_1125_1396,0.5,2019,1125,1396,11,11,W,W,0
311,2019_1125_1397,0.5,2019,1125,1397,11,2,W,Z,0
312,2019_1125_1403,0.5,2019,1125,1403,11,3,W,X,0
313,2019_1125_1414,0.5,2019,1125,1414,11,13,W,Z,0
314,2019_1125_1416,0.5,2019,1125,1416,11,9,W,W,0
315,2019_1125_1429,0.5,2019,1125,1429,11,8,W,Y,0
316,2019_1125_1433,0.5,2019,1125,1433,11,8,W,W,0
317,2019_1125_1436,0.5,2019,1125,1436,11,13,W,X,0
318,2019_1125_1437,0.5,2019,1125,1437,11,6,W,Z,0
319,2019_1125_1438,0.5,2019,1125,1438,11,1,W,Z,0
320,2019_1125_1439,0.5,2019,1125,1439,11,4,W,W,0
321,2019_1125_1449,0.5,2019,1125,1449,11,9,W,Y,0
322,2019_1125_1458,0.5,2019,1125,1458,11,5,W,Z,0
323,2019_1125_1459,0.5,2019,1125,1459,11,7,W,Y,0
324,2019_1125_1463,0.5,2019,1125,1463,11,14,W,W,0
325,2019_1133_1138,0.5,2019,1133,1138,15,6,W,X,0
326,2019_1133_1153,0.5,2019,1133,1153,15,7,W,Z,0
327,2019_1133_1159,0.5,2019,1133,1159,15,15,W,Z,0
328,2019_1133_1181,0.5,2019,1133,1181,15,1,W,W,0
329,2019_1133_1192,0.5,2019,1133,1192,15,16,W,X,0
330,2019_1133_1196,0.5,2019,1133,1196,15,10,W,X,0
331,2019_1133_1199,0.5,2019,1133,1199,15,4,W,X,0
332,2019_1133_1205,0.5,2019,1133,1205,15,16,W,Z,0
333,2019_1133_1209,0.5,2019,1133,1209,15,14,W,Y,0
334,2019_1133_1211,0.5,2019,1133,1211,15,1,W,X,0
335,2019_1133_1222,0.5,2019,1133,1222,15,3,W,Y,0
336,2019_1133_1233,0.5,2019,1133,1233,15,16,W,Y,0
337,2019_1133_1234,0.5,2019,1133,1234,15,10,W,Z,0
338,2019_1133_1235,0.5,2019,1133,1235,15,6,W,Y,0
339,2019_1133_1242,0.5,2019,1133,1242,15,4,W,Y,0
340,2019_1133_1243,0.5,2019,1133,1243,15,4,W,Z,0
341,2019_1133_1246,0.5,2019,1133,1246,15,2,W,Y,0
342,2019_1133_1251,0.5,2019,1133,1251,15,12,W,W,0
343,2019_1133_1257,0.5,2019,1133,1257,15,7,W,W,0
344,2019_1133_1261,0.5,2019,1133,1261,15,3,W,W,0
345,2019_1133_1266,0.5,2019,1133,1266,15,5,W,X,0
346,2019_1133_1268,0.5,2019,1133,1268,15,6,W,W,0
347,2019_1133_1276,0.5,2019,1133,1276,15,2,W,X,0
348,2019_1133_1277,0.5,2019,1133,1277,15,2,W,W,0
349,2019_1133_1278,0.5,2019,1133,1278,15,10,W,W,0
350,2019_1133_1279,0.5,2019,1133,1279,15,8,W,Z,0
351,2019_1133_1280,0.5,2019,1133,1280,15,5,W,W,0
352,2019_1133_1285,0.5,2019,1133,1285,15,15,W,X,0
353,2019_1133_1293,0.5,2019,1133,1293,15,12,W,X,0
354,2019_1133_1295,0.5,2019,1133,1295,15,16,W,W,0
355,2019_1133_1297,0.5,2019,1133,1297,15,14,W,X,0
356,2019_1133_1300,0.5,2019,1133,1300,15,16,W,W,0
357,2019_1133_1305,0.5,2019,1133,1305,15,7,W,X,0
358,2019_1133_1308,0.5,2019,1133,1308,15,12,W,Y,0
359,2019_1133_1314,0.5,2019,1133,1314,15,1,W,Y,0
360,2019_1133_1318,0.5,2019,1133,1318,15,13,W,Y,0
361,2019_1133_1326,0.5,2019,1133,1326,15,11,W,Y,0
362,2019_1133_1328,0.5,2019,1133,1328,15,9,W,Z,0
363,2019_1133_1330,0.5,2019,1133,1330,15,14,W,Z,0
364,2019_1133_1332,0.5,2019,1133,1332,15,12,W,Z,0
365,2019_1133_1341,0.5,2019,1133,1341,15,16,W,X,0
366,2019_1133_1345,0.5,2019,1133,1345,15,3,W,Z,0
367,2019_1133_1371,0.5,2019,1133,1371,15,10,W,Y,0
368,2019_1133_1385,0.5,2019,1133,1385,15,11,W,X,0
369,2019_1133_1387,0.5,2019,1133,1387,15,13,W,W,0
370,2019_1133_1388,0.5,2019,1133,1388,15,11,W,Z,0
371,2019_1133_1393,0.5,2019,1133,1393,15,8,W,X,0
372,2019_1133_1396,0.5,2019,1133,1396,15,11,W,W,0
373,2019_1133_1397,0.5,2019,1133,1397,15,2,W,Z,0
374,2019_1133_1403,0.5,2019,1133,1403,15,3,W,X,0
375,2019_1133_1414,0.5,2019,1133,1414,15,13,W,Z,0
376,2019_1133_1416,0.5,2019,1133,1416,15,9,W,W,0
377,2019_1133_1429,0.5,2019,1133,1429,15,8,W,Y,0
378,2019_1133_1433,0.5,2019,1133,1433,15,8,W,W,0
379,2019_1133_1436,0.5,2019,1133,1436,15,13,W,X,0
380,2019_1133_1437,0.5,2019,1133,1437,15,6,W,Z,0
381,2019_1133_1438,0.5,2019,1133,1438,15,1,W,Z,0
382,2019_1133_1439,0.5,2019,1133,1439,15,4,W,W,0
383,2019_1133_1449,0.5,2019,1133,1449,15,9,W,Y,0
384,2019_1133_1458,0.5,2019,1133,1458,15,5,W,Z,0
385,2019_1133_1459,0.5,2019,1133,1459,15,7,W,Y,0
386,2019_1133_1463,0.5,2019,1133,1463,15,14,W,W,0
387,2019_1138_1153,0.5,2019,1138,1153,6,7,X,Z,0
388,2019_1138_1159,0.5,2019,1138,1159,6,15,X,Z,0
389,2019_1138_1181,0.5,2019,1138,1181,6,1,X,W,0
390,2019_1138_1192,0.5,2019,1138,1192,6,16,X,X,0
391,2019_1138_1196,0.5,2019,1138,1196,6,10,X,X,0
392,2019_1138_1199,0.5,2019,1138,1199,6,4,X,X,0
393,2019_1138_1205,0.5,2019,1138,1205,6,16,X,Z,0
394,2019_1138_1209,0.5,2019,1138,1209,6,14,X,Y,0
395,2019_1138_1211,0.5,2019,1138,1211,6,1,X,X,0
396,2019_1138_1222,0.5,2019,1138,1222,6,3,X,Y,0
397,2019_1138_1233,0.5,2019,1138,1233,6,16,X,Y,0
398,2019_1138_1234,0.5,2019,1138,1234,6,10,X,Z,0
399,2019_1138_1235,0.5,2019,1138,1235,6,6,X,Y,0
400,2019_1138_1242,0.5,2019,1138,1242,6,4,X,Y,0
401,2019_1138_1243,0.5,2019,1138,1243,6,4,X,Z,0
402,2019_1138_1246,0.5,2019,1138,1246,6,2,X,Y,0
403,2019_1138_1251,0.5,2019,1138,1251,6,12,X,W,0
404,2019_1138_1257,0.5,2019,1138,1257,6,7,X,W,0
405,2019_1138_1261,0.5,2019,1138,1261,6,3,X,W,0
406,2019_1138_1266,0.5,2019,1138,1266,6,5,X,X,0
407,2019_1138_1268,0.5,2019,1138,1268,6,6,X,W,0
408,2019_1138_1276,0.5,2019,1138,1276,6,2,X,X,0
409,2019_1138_1277,0.5,2019,1138,1277,6,2,X,W,0
410,2019_1138_1278,0.5,2019,1138,1278,6,10,X,W,0
411,2019_1138_1279,0.5,2019,1138,1279,6,8,X,Z,0
412,2019_1138_1280,0.5,2019,1138,1280,6,5,X,W,0
413,2019_1138_1285,0.5,2019,1138,1285,6,15,X,X,0
414,2019_1138_1293,0.5,2019,1138,1293,6,12,X,X,0
415,2019_1138_1295,0.5,2019,1138,1295,6,16,X,W,0
416,2019_1138_1297,0.5,2019,1138,1297,6,14,X,X,0
417,2019_1138_1300,0.5,2019,1138,1300,6,16,X,W,0
418,2019_1138_1305,0.5,2019,1138,1305,6,7,X,X,0
419,2019_1138_1308,0.5,2019,1138,1308,6,12,X,Y,0
420,2019_1138_1314,0.5,2019,1138,1314,6,1,X,Y,0
421,2019_1138_1318,0.5,2019,1138,1318,6,13,X,Y,0
422,2019_1138_1326,0.5,2019,1138,1326,6,11,X,Y,0
423,2019_1138_1328,0.5,2019,1138,1328,6,9,X,Z,0
424,2019_1138_1330,0.5,2019,1138,1330,6,14,X,Z,0
425,2019_1138_1332,0.5,2019,1138,1332,6,12,X,Z,0
426,2019_1138_1341,0.5,2019,1138,1341,6,16,X,X,0
427,2019_1138_1345,0.5,2019,1138,1345,6,3,X,Z,0
428,2019_1138_1371,0.5,2019,1138,1371,6,10,X,Y,0
429,2019_1138_1385,0.5,2019,1138,1385,6,11,X,X,0
430,2019_1138_1387,0.5,2019,1138,1387,6,13,X,W,0
431,2019_1138_1388,0.5,2019,1138,1388,6,11,X,Z,0
432,2019_1138_1393,0.5,2019,1138,1393,6,8,X,X,0
433,2019_1138_1396,0.5,2019,1138,1396,6,11,X,W,0
434,2019_1138_1397,0.5,2019,1138,1397,6,2,X,Z,0
435,2019_1138_1403,0.5,2019,1138,1403,6,3,X,X,0
436,2019_1138_1414,0.5,2019,1138,1414,6,13,X,Z,0
437,2019_1138_1416,0.5,2019,1138,1416,6,9,X,W,0
438,2019_1138_1429,0.5,2019,1138,1429,6,8,X,Y,0
439,2019_1138_1433,0.5,2019,1138,1433,6,8,X,W,0
440,2019_1138_1436,0.5,2019,1138,1436,6,13,X,X,0
441,2019_1138_1437,0.5,2019,1138,1437,6,6,X,Z,0
442,2019_1138_1438,0.5,2019,1138,1438,6,1,X,Z,0
443,2019_1138_1439,0.5,2019,1138,1439,6,4,X,W,0
444,2019_1138_1449,0.5,2019,1138,1449,6,9,X,Y,0
445,2019_1138_1458,0.5,2019,1138,1458,6,5,X,Z,0
446,2019_1138_1459,0.5,2019,1138,1459,6,7,X,Y,0
447,2019_1138_1463,0.5,2019,1138,1463,6,14,X,W,0
448,2019_1153_1159,0.5,2019,1153,1159,7,15,Z,Z,0
449,2019_1153_1181,0.5,2019,1153,1181,7,1,Z,W,0
450,2019_1153_1192,0.5,2019,1153,1192,7,16,Z,X,0
451,2019_1153_1196,0.5,2019,1153,1196,7,10,Z,X,0
452,2019_1153_1199,0.5,2019,1153,1199,7,4,Z,X,0
453,2019_1153_1205,0.5,2019,1153,1205,7,16,Z,Z,0
454,2019_1153_1209,0.5,2019,1153,1209,7,14,Z,Y,0
455,2019_1153_1211,0.5,2019,1153,1211,7,1,Z,X,0
456,2019_1153_1222,0.5,2019,1153,1222,7,3,Z,Y,0
457,2019_1153_1233,0.5,2019,1153,1233,7,16,Z,Y,0
458,2019_1153_1234,0.5,2019,1153,1234,7,10,Z,Z,0
459,2019_1153_1235,0.5,2019,1153,1235,7,6,Z,Y,0
460,2019_1153_1242,0.5,2019,1153,1242,7,4,Z,Y,0
461,2019_1153_1243,0.5,2019,1153,1243,7,4,Z,Z,0
462,2019_1153_1246,0.5,2019,1153,1246,7,2,Z,Y,0
463,2019_1153_1251,0.5,2019,1153,1251,7,12,Z,W,0
464,2019_1153_1257,0.5,2019,1153,1257,7,7,Z,W,0
465,2019_1153_1261,0.5,2019,1153,1261,7,3,Z,W,0
466,2019_1153_1266,0.5,2019,1153,1266,7,5,Z,X,0
467,2019_1153_1268,0.5,2019,1153,1268,7,6,Z,W,0
468,2019_1153_1276,0.5,2019,1153,1276,7,2,Z,X,0
469,2019_1153_1277,0.5,2019,1153,1277,7,2,Z,W,0
470,2019_1153_1278,0.5,2019,1153,1278,7,10,Z,W,0
471,2019_1153_1279,0.5,2019,1153,1279,7,8,Z,Z,0
472,2019_1153_1280,0.5,2019,1153,1280,7,5,Z,W,0
473,2019_1153_1285,0.5,2019,1153,1285,7,15,Z,X,0
474,2019_1153_1293,0.5,2019,1153,1293,7,12,Z,X,0
475,2019_1153_1295,0.5,2019,1153,1295,7,16,Z,W,0
476,2019_1153_1297,0.5,2019,1153,1297,7,14,Z,X,0
477,2019_1153_1300,0.5,2019,1153,1300,7,16,Z,W,0
478,2019_1153_1305,0.5,2019,1153,1305,7,7,Z,X,0
479,2019_1153_1308,0.5,2019,1153,1308,7,12,Z,Y,0
480,2019_1153_1314,0.5,2019,1153,1314,7,1,Z,Y,0
481,2019_1153_1318,0.5,2019,1153,1318,7,13,Z,Y,0
482,2019_1153_1326,0.5,2019,1153,1326,7,11,Z,Y,0
483,2019_1153_1328,0.5,2019,1153,1328,7,9,Z,Z,0
484,2019_1153_1330,0.5,2019,1153,1330,7,14,Z,Z,0
485,2019_1153_1332,0.5,2019,1153,1332,7,12,Z,Z,0
486,2019_1153_1341,0.5,2019,1153,1341,7,16,Z,X,0
487,2019_1153_1345,0.5,2019,1153,1345,7,3,Z,Z,0
488,2019_1153_1371,0.5,2019,1153,1371,7,10,Z,Y,0
489,2019_1153_1385,0.5,2019,1153,1385,7,11,Z,X,0
490,2019_1153_1387,0.5,2019,1153,1387,7,13,Z,W,0
491,2019_1153_1388,0.5,2019,1153,1388,7,11,Z,Z,0
492,2019_1153_1393,0.5,2019,1153,1393,7,8,Z,X,0
493,2019_1153_1396,0.5,2019,1153,1396,7,11,Z,W,0
494,2019_1153_1397,0.5,2019,1153,1397,7,2,Z,Z,0
495,2019_1153_1403,0.5,2019,1153,1403,7,3,Z,X,0
496,2019_1153_1414,0.5,2019,1153,1414,7,13,Z,Z,0
497,2019_1153_1416,0.5,2019,1153,1416,7,9,Z,W,0
498,2019_1153_1429,0.5,2019,1153,1429,7,8,Z,Y,0
499,2019_1153_1433,0.5,2019,1153,1433,7,8,Z,W,0
500,2019_1153_1436,0.5,2019,1153,1436,7,13,Z,X,0
501,2019_1153_1437,0.5,2019,1153,1437,7,6,Z,Z,0
502,2019_1153_1438,0.5,2019,1153,1438,7,1,Z,Z,0
503,2019_1153_1439,0.5,2019,1153,1439,7,4,Z,W,0
504,2019_1153_1449,0.5,2019,1153,1449,7,9,Z,Y,0
505,2019_1153_1458,0.5,2019,1153,1458,7,5,Z,Z,0
506,2019_1153_1459,0.5,2019,1153,1459,7,7,Z,Y,0
507,2019_1153_1463,0.5,2019,1153,1463,7,14,Z,W,0
508,2019_1159_1181,0.5,2019,1159,1181,15,1,Z,W,0
509,2019_1159_1192,0.5,2019,1159,1192,15,16,Z,X,0
510,2019_1159_1196,0.5,2019,1159,1196,15,10,Z,X,0
511,2019_1159_1199,0.5,2019,1159,1199,15,4,Z,X,0
512,2019_1159_1205,0.5,2019,1159,1205,15,16,Z,Z,0
513,2019_1159_1209,0.5,2019,1159,1209,15,14,Z,Y,0
514,2019_1159_1211,0.5,2019,1159,1211,15,1,Z,X,0
515,2019_1159_1222,0.5,2019,1159,1222,15,3,Z,Y,0
516,2019_1159_1233,0.5,2019,1159,1233,15,16,Z,Y,0
517,2019_1159_1234,0.5,2019,1159,1234,15,10,Z,Z,0
518,2019_1159_1235,0.5,2019,1159,1235,15,6,Z,Y,0
519,2019_1159_1242,0.5,2019,1159,1242,15,4,Z,Y,0
520,2019_1159_1243,0.5,2019,1159,1243,15,4,Z,Z,0
521,2019_1159_1246,0.5,2019,1159,1246,15,2,Z,Y,0
522,2019_1159_1251,0.5,2019,1159,1251,15,12,Z,W,0
523,2019_1159_1257,0.5,2019,1159,1257,15,7,Z,W,0
524,2019_1159_1261,0.5,2019,1159,1261,15,3,Z,W,0
525,2019_1159_1266,0.5,2019,1159,1266,15,5,Z,X,0
526,2019_1159_1268,0.5,2019,1159,1268,15,6,Z,W,0
527,2019_1159_1276,0.5,2019,1159,1276,15,2,Z,X,0
528,2019_1159_1277,0.5,2019,1159,1277,15,2,Z,W,0
529,2019_1159_1278,0.5,2019,1159,1278,15,10,Z,W,0
530,2019_1159_1279,0.5,2019,1159,1279,15,8,Z,Z,0
531,2019_1159_1280,0.5,2019,1159,1280,15,5,Z,W,0
532,2019_1159_1285,0.5,2019,1159,1285,15,15,Z,X,0
533,2019_1159_1293,0.5,2019,1159,1293,15,12,Z,X,0
534,2019_1159_1295,0.5,2019,1159,1295,15,16,Z,W,0
535,2019_1159_1297,0.5,2019,1159,1297,15,14,Z,X,0
536,2019_1159_1300,0.5,2019,1159,1300,15,16,Z,W,0
537,2019_1159_1305,0.5,2019,1159,1305,15,7,Z,X,0
538,2019_1159_1308,0.5,2019,1159,1308,15,12,Z,Y,0
539,2019_1159_1314,0.5,2019,1159,1314,15,1,Z,Y,0
540,2019_1159_1318,0.5,2019,1159,1318,15,13,Z,Y,0
541,2019_1159_1326,0.5,2019,1159,1326,15,11,Z,Y,0
542,2019_1159_1328,0.5,2019,1159,1328,15,9,Z,Z,0
543,2019_1159_1330,0.5,2019,1159,1330,15,14,Z,Z,0
544,2019_1159_1332,0.5,2019,1159,1332,15,12,Z,Z,0
545,2019_1159_1341,0.5,2019,1159,1341,15,16,Z,X,0
546,2019_1159_1345,0.5,2019,1159,1345,15,3,Z,Z,0
547,2019_1159_1371,0.5,2019,1159,1371,15,10,Z,Y,0
548,2019_1159_1385,0.5,2019,1159,1385,15,11,Z,X,0
549,2019_1159_1387,0.5,2019,1159,1387,15,13,Z,W,0
550,2019_1159_1388,0.5,2019,1159,1388,15,11,Z,Z,0
551,2019_1159_1393,0.5,2019,1159,1393,15,8,Z,X,0
552,2019_1159_1396,0.5,2019,1159,1396,15,11,Z,W,0
553,2019_1159_1397,0.5,2019,1159,1397,15,2,Z,Z,0
554,2019_1159_1403,0.5,2019,1159,1403,15,3,Z,X,0
555,2019_1159_1414,0.5,2019,1159,1414,15,13,Z,Z,0
556,2019_1159_1416,0.5,2019,1159,1416,15,9,Z,W,0
557,2019_1159_1429,0.5,2019,1159,1429,15,8,Z,Y,0
558,2019_1159_1433,0.5,2019,1159,1433,15,8,Z,W,0
559,2019_1159_1436,0.5,2019,1159,1436,15,13,Z,X,0
560,2019_1159_1437,0.5,2019,1159,1437,15,6,Z,Z,0
561,2019_1159_1438,0.5,2019,1159,1438,15,1,Z,Z,0
562,2019_1159_1439,0.5,2019,1159,1439,15,4,Z,W,0
563,2019_1159_1449,0.5,2019,1159,1449,15,9,Z,Y,0
564,2019_1159_1458,0.5,2019,1159,1458,15,5,Z,Z,0
565,2019_1159_1459,0.5,2019,1159,1459,15,7,Z,Y,0
566,2019_1159_1463,0.5,2019,1159,1463,15,14,Z,W,0
567,2019_1181_1192,0.5,2019,1181,1192,1,16,W,X,0
568,2019_1181_1196,0.5,2019,1181,1196,1,10,W,X,0
569,2019_1181_1199,0.5,2019,1181,1199,1,4,W,X,0
570,2019_1181_1205,0.5,2019,1181,1205,1,16,W,Z,0
571,2019_1181_1209,0.5,2019,1181,1209,1,14,W,Y,0
572,2019_1181_1211,0.5,2019,1181,1211,1,1,W,X,0
573,2019_1181_1222,0.5,2019,1181,1222,1,3,W,Y,0
574,2019_1181_1233,0.5,2019,1181,1233,1,16,W,Y,0
575,2019_1181_1234,0.5,2019,1181,1234,1,10,W,Z,0
576,2019_1181_1235,0.5,2019,1181,1235,1,6,W,Y,0
577,2019_1181_1242,0.5,2019,1181,1242,1,4,W,Y,0
578,2019_1181_1243,0.5,2019,1181,1243,1,4,W,Z,0
579,2019_1181_1246,0.5,2019,1181,1246,1,2,W,Y,0
580,2019_1181_1251,0.5,2019,1181,1251,1,12,W,W,0
581,2019_1181_1257,0.5,2019,1181,1257,1,7,W,W,0
582,2019_1181_1261,0.5,2019,1181,1261,1,3,W,W,0
583,2019_1181_1266,0.5,2019,1181,1266,1,5,W,X,0
584,2019_1181_1268,0.5,2019,1181,1268,1,6,W,W,0
585,2019_1181_1276,0.5,2019,1181,1276,1,2,W,X,0
586,2019_1181_1277,0.5,2019,1181,1277,1,2,W,W,0
587,2019_1181_1278,0.5,2019,1181,1278,1,10,W,W,0
588,2019_1181_1279,0.5,2019,1181,1279,1,8,W,Z,0
589,2019_1181_1280,0.5,2019,1181,1280,1,5,W,W,0
590,2019_1181_1285,0.5,2019,1181,1285,1,15,W,X,0
591,2019_1181_1293,0.5,2019,1181,1293,1,12,W,X,0
592,2019_1181_1295,0.5,2019,1181,1295,1,16,W,W,0
593,2019_1181_1297,0.5,2019,1181,1297,1,14,W,X,0
594,2019_1181_1300,0.5,2019,1181,1300,1,16,W,W,0
595,2019_1181_1305,0.5,2019,1181,1305,1,7,W,X,0
596,2019_1181_1308,0.5,2019,1181,1308,1,12,W,Y,0
597,2019_1181_1314,0.5,2019,1181,1314,1,1,W,Y,0
598,2019_1181_1318,0.5,2019,1181,1318,1,13,W,Y,0
599,2019_1181_1326,0.5,2019,1181,1326,1,11,W,Y,0
600,2019_1181_1328,0.5,2019,1181,1328,1,9,W,Z,0
601,2019_1181_1330,0.5,2019,1181,1330,1,14,W,Z,0
602,2019_1181_1332,0.5,2019,1181,1332,1,12,W,Z,0
603,2019_1181_1341,0.5,2019,1181,1341,1,16,W,X,0
604,2019_1181_1345,0.5,2019,1181,1345,1,3,W,Z,0
605,2019_1181_1371,0.5,2019,1181,1371,1,10,W,Y,0
606,2019_1181_1385,0.5,2019,1181,1385,1,11,W,X,0
607,2019_1181_1387,0.5,2019,1181,1387,1,13,W,W,0
608,2019_1181_1388,0.5,2019,1181,1388,1,11,W,Z,0
609,2019_1181_1393,0.5,2019,1181,1393,1,8,W,X,0
610,2019_1181_1396,0.5,2019,1181,1396,1,11,W,W,0
611,2019_1181_1397,0.5,2019,1181,1397,1,2,W,Z,0
612,2019_1181_1403,0.5,2019,1181,1403,1,3,W,X,0
613,2019_1181_1414,0.5,2019,1181,1414,1,13,W,Z,0
614,2019_1181_1416,0.5,2019,1181,1416,1,9,W,W,0
615,2019_1181_1429,0.5,2019,1181,1429,1,8,W,Y,0
616,2019_1181_1433,0.5,2019,1181,1433,1,8,W,W,0
617,2019_1181_1436,0.5,2019,1181,1436,1,13,W,X,0
618,2019_1181_1437,0.5,2019,1181,1437,1,6,W,Z,0
619,2019_1181_1438,0.5,2019,1181,1438,1,1,W,Z,0
620,2019_1181_1439,0.5,2019,1181,1439,1,4,W,W,0
621,2019_1181_1449,0.5,2019,1181,1449,1,9,W,Y,0
622,2019_1181_1458,0.5,2019,1181,1458,1,5,W,Z,0
623,2019_1181_1459,0.5,2019,1181,1459,1,7,W,Y,0
624,2019_1181_1463,0.5,2019,1181,1463,1,14,W,W,0
625,2019_1192_1196,0.5,2019,1192,1196,16,10,X,X,0
626,2019_1192_1199,0.5,2019,1192,1199,16,4,X,X,0
627,2019_1192_1205,0.5,2019,1192,1205,16,16,X,Z,0
628,2019_1192_1209,0.5,2019,1192,1209,16,14,X,Y,0
629,2019_1192_1211,0.5,2019,1192,1211,16,1,X,X,0
630,2019_1192_1222,0.5,2019,1192,1222,16,3,X,Y,0
631,2019_1192_1233,0.5,2019,1192,1233,16,16,X,Y,0
632,2019_1192_1234,0.5,2019,1192,1234,16,10,X,Z,0
633,2019_1192_1235,0.5,2019,1192,1235,16,6,X,Y,0
634,2019_1192_1242,0.5,2019,1192,1242,16,4,X,Y,0
635,2019_1192_1243,0.5,2019,1192,1243,16,4,X,Z,0
636,2019_1192_1246,0.5,2019,1192,1246,16,2,X,Y,0
637,2019_1192_1251,0.5,2019,1192,1251,16,12,X,W,0
638,2019_1192_1257,0.5,2019,1192,1257,16,7,X,W,0
639,2019_1192_1261,0.5,2019,1192,1261,16,3,X,W,0
640,2019_1192_1266,0.5,2019,1192,1266,16,5,X,X,0
641,2019_1192_1268,0.5,2019,1192,1268,16,6,X,W,0
642,2019_1192_1276,0.5,2019,1192,1276,16,2,X,X,0
643,2019_1192_1277,0.5,2019,1192,1277,16,2,X,W,0
644,2019_1192_1278,0.5,2019,1192,1278,16,10,X,W,0
645,2019_1192_1279,0.5,2019,1192,1279,16,8,X,Z,0
646,2019_1192_1280,0.5,2019,1192,1280,16,5,X,W,0
647,2019_1192_1285,0.5,2019,1192,1285,16,15,X,X,0
648,2019_1192_1293,0.5,2019,1192,1293,16,12,X,X,0
649,2019_1192_1295,0.5,2019,1192,1295,16,16,X,W,0
650,2019_1192_1297,0.5,2019,1192,1297,16,14,X,X,0
651,2019_1192_1300,0.5,2019,1192,1300,16,16,X,W,0
652,2019_1192_1305,0.5,2019,1192,1305,16,7,X,X,0
653,2019_1192_1308,0.5,2019,1192,1308,16,12,X,Y,0
654,2019_1192_1314,0.5,2019,1192,1314,16,1,X,Y,0
655,2019_1192_1318,0.5,2019,1192,1318,16,13,X,Y,0
656,2019_1192_1326,0.5,2019,1192,1326,16,11,X,Y,0
657,2019_1192_1328,0.5,2019,1192,1328,16,9,X,Z,0
658,2019_1192_1330,0.5,2019,1192,1330,16,14,X,Z,0
659,2019_1192_1332,0.5,2019,1192,1332,16,12,X,Z,0
660,2019_1192_1341,0.5,2019,1192,1341,16,16,X,X,0
661,2019_1192_1345,0.5,2019,1192,1345,16,3,X,Z,0
662,2019_1192_1371,0.5,2019,1192,1371,16,10,X,Y,0
663,2019_1192_1385,0.5,2019,1192,1385,16,11,X,X,0
664,2019_1192_1387,0.5,2019,1192,1387,16,13,X,W,0
665,2019_1192_1388,0.5,2019,1192,1388,16,11,X,Z,0
666,2019_1192_1393,0.5,2019,1192,1393,16,8,X,X,0
667,2019_1192_1396,0.5,2019,1192,1396,16,11,X,W,0
668,2019_1192_1397,0.5,2019,1192,1397,16,2,X,Z,0
669,2019_1192_1403,0.5,2019,1192,1403,16,3,X,X,0
670,2019_1192_1414,0.5,2019,1192,1414,16,13,X,Z,0
671,2019_1192_1416,0.5,2019,1192,1416,16,9,X,W,0
672,2019_1192_1429,0.5,2019,1192,1429,16,8,X,Y,0
673,2019_1192_1433,0.5,2019,1192,1433,16,8,X,W,0
674,2019_1192_1436,0.5,2019,1192,1436,16,13,X,X,0
675,2019_1192_1437,0.5,2019,1192,1437,16,6,X,Z,0
676,2019_1192_1438,0.5,2019,1192,1438,16,1,X,Z,0
677,2019_1192_1439,0.5,2019,1192,1439,16,4,X,W,0
678,2019_1192_1449,0.5,2019,1192,1449,16,9,X,Y,0
679,2019_1192_1458,0.5,2019,1192,1458,16,5,X,Z,0
680,2019_1192_1459,0.5,2019,1192,1459,16,7,X,Y,0
681,2019_1192_1463,0.5,2019,1192,1463,16,14,X,W,0
682,2019_1196_1199,0.5,2019,1196,1199,10,4,X,X,0
683,2019_1196_1205,0.5,2019,1196,1205,10,16,X,Z,0
684,2019_1196_1209,0.5,2019,1196,1209,10,14,X,Y,0
685,2019_1196_1211,0.5,2019,1196,1211,10,1,X,X,0
686,2019_1196_1222,0.5,2019,1196,1222,10,3,X,Y,0
687,2019_1196_1233,0.5,2019,1196,1233,10,16,X,Y,0
688,2019_1196_1234,0.5,2019,1196,1234,10,10,X,Z,0
689,2019_1196_1235,0.5,2019,1196,1235,10,6,X,Y,0
690,2019_1196_1242,0.5,2019,1196,1242,10,4,X,Y,0
691,2019_1196_1243,0.5,2019,1196,1243,10,4,X,Z,0
692,2019_1196_1246,0.5,2019,1196,1246,10,2,X,Y,0
693,2019_1196_1251,0.5,2019,1196,1251,10,12,X,W,0
694,2019_1196_1257,0.5,2019,1196,1257,10,7,X,W,0
695,2019_1196_1261,0.5,2019,1196,1261,10,3,X,W,0
696,2019_1196_1266,0.5,2019,1196,1266,10,5,X,X,0
697,2019_1196_1268,0.5,2019,1196,1268,10,6,X,W,0
698,2019_1196_1276,0.5,2019,1196,1276,10,2,X,X,0
699,2019_1196_1277,0.5,2019,1196,1277,10,2,X,W,0
700,2019_1196_1278,0.5,2019,1196,1278,10,10,X,W,0
701,2019_1196_1279,0.5,2019,1196,1279,10,8,X,Z,0
702,2019_1196_1280,0.5,2019,1196,1280,10,5,X,W,0
703,2019_1196_1285,0.5,2019,1196,1285,10,15,X,X,0
704,2019_1196_1293,0.5,2019,1196,1293,10,12,X,X,0
705,2019_1196_1295,0.5,2019,1196,1295,10,16,X,W,0
706,2019_1196_1297,0.5,2019,1196,1297,10,14,X,X,0
707,2019_1196_1300,0.5,2019,1196,1300,10,16,X,W,0
708,2019_1196_1305,0.5,2019,1196,1305,10,7,X,X,0
709,2019_1196_1308,0.5,2019,1196,1308,10,12,X,Y,0
710,2019_1196_1314,0.5,2019,1196,1314,10,1,X,Y,0
711,2019_1196_1318,0.5,2019,1196,1318,10,13,X,Y,0
712,2019_1196_1326,0.5,2019,1196,1326,10,11,X,Y,0
713,2019_1196_1328,0.5,2019,1196,1328,10,9,X,Z,0
714,2019_1196_1330,0.5,2019,1196,1330,10,14,X,Z,0
715,2019_1196_1332,0.5,2019,1196,1332,10,12,X,Z,0
716,2019_1196_1341,0.5,2019,1196,1341,10,16,X,X,0
717,2019_1196_1345,0.5,2019,1196,1345,10,3,X,Z,0
718,2019_1196_1371,0.5,2019,1196,1371,10,10,X,Y,0
719,2019_1196_1385,0.5,2019,1196,1385,10,11,X,X,0
720,2019_1196_1387,0.5,2019,1196,1387,10,13,X,W,0
721,2019_1196_1388,0.5,2019,1196,1388,10,11,X,Z,0
722,2019_1196_1393,0.5,2019,1196,1393,10,8,X,X,0
723,2019_1196_1396,0.5,2019,1196,1396,10,11,X,W,0
724,2019_1196_1397,0.5,2019,1196,1397,10,2,X,Z,0
725,2019_1196_1403,0.5,2019,1196,1403,10,3,X,X,0
726,2019_1196_1414,0.5,2019,1196,1414,10,13,X,Z,0
727,2019_1196_1416,0.5,2019,1196,1416,10,9,X,W,0
728,2019_1196_1429,0.5,2019,1196,1429,10,8,X,Y,0
729,2019_1196_1433,0.5,2019,1196,1433,10,8,X,W,0
730,2019_1196_1436,0.5,2019,1196,1436,10,13,X,X,0
731,2019_1196_1437,0.5,2019,1196,1437,10,6,X,Z,0
732,2019_1196_1438,0.5,2019,1196,1438,10,1,X,Z,0
733,2019_1196_1439,0.5,2019,1196,1439,10,4,X,W,0
734,2019_1196_1449,0.5,2019,1196,1449,10,9,X,Y,0
735,2019_1196_1458,0.5,2019,1196,1458,10,5,X,Z,0
736,2019_1196_1459,0.5,2019,1196,1459,10,7,X,Y,0
737,2019_1196_1463,0.5,2019,1196,1463,10,14,X,W,0
738,2019_1199_1205,0.5,2019,1199,1205,4,16,X,Z,0
739,2019_1199_1209,0.5,2019,1199,1209,4,14,X,Y,0
740,2019_1199_1211,0.5,2019,1199,1211,4,1,X,X,0
741,2019_1199_1222,0.5,2019,1199,1222,4,3,X,Y,0
742,2019_1199_1233,0.5,2019,1199,1233,4,16,X,Y,0
743,2019_1199_1234,0.5,2019,1199,1234,4,10,X,Z,0
744,2019_1199_1235,0.5,2019,1199,1235,4,6,X,Y,0
745,2019_1199_1242,0.5,2019,1199,1242,4,4,X,Y,0
746,2019_1199_1243,0.5,2019,1199,1243,4,4,X,Z,0
747,2019_1199_1246,0.5,2019,1199,1246,4,2,X,Y,0
748,2019_1199_1251,0.5,2019,1199,1251,4,12,X,W,0
749,2019_1199_1257,0.5,2019,1199,1257,4,7,X,W,0
750,2019_1199_1261,0.5,2019,1199,1261,4,3,X,W,0
751,2019_1199_1266,0.5,2019,1199,1266,4,5,X,X,0
752,2019_1199_1268,0.5,2019,1199,1268,4,6,X,W,0
753,2019_1199_1276,0.5,2019,1199,1276,4,2,X,X,0
754,2019_1199_1277,0.5,2019,1199,1277,4,2,X,W,0
755,2019_1199_1278,0.5,2019,1199,1278,4,10,X,W,0
756,2019_1199_1279,0.5,2019,1199,1279,4,8,X,Z,0
757,2019_1199_1280,0.5,2019,1199,1280,4,5,X,W,0
758,2019_1199_1285,0.5,2019,1199,1285,4,15,X,X,0
759,2019_1199_1293,0.5,2019,1199,1293,4,12,X,X,0
760,2019_1199_1295,0.5,2019,1199,1295,4,16,X,W,0
761,2019_1199_1297,0.5,2019,1199,1297,4,14,X,X,0
762,2019_1199_1300,0.5,2019,1199,1300,4,16,X,W,0
763,2019_1199_1305,0.5,2019,1199,1305,4,7,X,X,0
764,2019_1199_1308,0.5,2019,1199,1308,4,12,X,Y,0
765,2019_1199_1314,0.5,2019,1199,1314,4,1,X,Y,0
766,2019_1199_1318,0.5,2019,1199,1318,4,13,X,Y,0
767,2019_1199_1326,0.5,2019,1199,1326,4,11,X,Y,0
768,2019_1199_1328,0.5,2019,1199,1328,4,9,X,Z,0
769,2019_1199_1330,0.5,2019,1199,1330,4,14,X,Z,0
770,2019_1199_1332,0.5,2019,1199,1332,4,12,X,Z,0
771,2019_1199_1341,0.5,2019,1199,1341,4,16,X,X,0
772,2019_1199_1345,0.5,2019,1199,1345,4,3,X,Z,0
773,2019_1199_1371,0.5,2019,1199,1371,4,10,X,Y,0
774,2019_1199_1385,0.5,2019,1199,1385,4,11,X,X,0
775,2019_1199_1387,0.5,2019,1199,1387,4,13,X,W,0
776,2019_1199_1388,0.5,2019,1199,1388,4,11,X,Z,0
777,2019_1199_1393,0.5,2019,1199,1393,4,8,X,X,0
778,2019_1199_1396,0.5,2019,1199,1396,4,11,X,W,0
779,2019_1199_1397,0.5,2019,1199,1397,4,2,X,Z,0
780,2019_1199_1403,0.5,2019,1199,1403,4,3,X,X,0
781,2019_1199_1414,0.5,2019,1199,1414,4,13,X,Z,0
782,2019_1199_1416,0.5,2019,1199,1416,4,9,X,W,0
783,2019_1199_1429,0.5,2019,1199,1429,4,8,X,Y,0
784,2019_1199_1433,0.5,2019,1199,1433,4,8,X,W,0
785,2019_1199_1436,0.5,2019,1199,1436,4,13,X,X,0
786,2019_1199_1437,0.5,2019,1199,1437,4,6,X,Z,0
787,2019_1199_1438,0.5,2019,1199,1438,4,1,X,Z,0
788,2019_1199_1439,0.5,2019,1199,1439,4,4,X,W,0
789,2019_1199_1449,0.5,2019,1199,1449,4,9,X,Y,0
790,2019_1199_1458,0.5,2019,1199,1458,4,5,X,Z,0
791,2019_1199_1459,0.5,2019,1199,1459,4,7,X,Y,0
792,2019_1199_1463,0.5,2019,1199,1463,4,14,X,W,0
793,2019_1205_1209,0.5,2019,1205,1209,16,14,Z,Y,0
794,2019_1205_1211,0.5,2019,1205,1211,16,1,Z,X,0
795,2019_1205_1222,0.5,2019,1205,1222,16,3,Z,Y,0
796,2019_1205_1233,0.5,2019,1205,1233,16,16,Z,Y,0
797,2019_1205_1234,0.5,2019,1205,1234,16,10,Z,Z,0
798,2019_1205_1235,0.5,2019,1205,1235,16,6,Z,Y,0
799,2019_1205_1242,0.5,2019,1205,1242,16,4,Z,Y,0
800,2019_1205_1243,0.5,2019,1205,1243,16,4,Z,Z,0
801,2019_1205_1246,0.5,2019,1205,1246,16,2,Z,Y,0
802,2019_1205_1251,0.5,2019,1205,1251,16,12,Z,W,0
803,2019_1205_1257,0.5,2019,1205,1257,16,7,Z,W,0
804,2019_1205_1261,0.5,2019,1205,1261,16,3,Z,W,0
805,2019_1205_1266,0.5,2019,1205,1266,16,5,Z,X,0
806,2019_1205_1268,0.5,2019,1205,1268,16,6,Z,W,0
807,2019_1205_1276,0.5,2019,1205,1276,16,2,Z,X,0
808,2019_1205_1277,0.5,2019,1205,1277,16,2,Z,W,0
809,2019_1205_1278,0.5,2019,1205,1278,16,10,Z,W,0
810,2019_1205_1279,0.5,2019,1205,1279,16,8,Z,Z,0
811,2019_1205_1280,0.5,2019,1205,1280,16,5,Z,W,0
812,2019_1205_1285,0.5,2019,1205,1285,16,15,Z,X,0
813,2019_1205_1293,0.5,2019,1205,1293,16,12,Z,X,0
814,2019_1205_1295,0.5,2019,1205,1295,16,16,Z,W,0
815,2019_1205_1297,0.5,2019,1205,1297,16,14,Z,X,0
816,2019_1205_1300,0.5,2019,1205,1300,16,16,Z,W,0
817,2019_1205_1305,0.5,2019,1205,1305,16,7,Z,X,0
818,2019_1205_1308,0.5,2019,1205,1308,16,12,Z,Y,0
819,2019_1205_1314,0.5,2019,1205,1314,16,1,Z,Y,0
820,2019_1205_1318,0.5,2019,1205,1318,16,13,Z,Y,0
821,2019_1205_1326,0.5,2019,1205,1326,16,11,Z,Y,0
822,2019_1205_1328,0.5,2019,1205,1328,16,9,Z,Z,0
823,2019_1205_1330,0.5,2019,1205,1330,16,14,Z,Z,0
824,2019_1205_1332,0.5,2019,1205,1332,16,12,Z,Z,0
825,2019_1205_1341,0.5,2019,1205,1341,16,16,Z,X,0
826,2019_1205_1345,0.5,2019,1205,1345,16,3,Z,Z,0
827,2019_1205_1371,0.5,2019,1205,1371,16,10,Z,Y,0
828,2019_1205_1385,0.5,2019,1205,1385,16,11,Z,X,0
829,2019_1205_1387,0.5,2019,1205,1387,16,13,Z,W,0
830,2019_1205_1388,0.5,2019,1205,1388,16,11,Z,Z,0
831,2019_1205_1393,0.5,2019,1205,1393,16,8,Z,X,0
832,2019_1205_1396,0.5,2019,1205,1396,16,11,Z,W,0
833,2019_1205_1397,0.5,2019,1205,1397,16,2,Z,Z,0
834,2019_1205_1403,0.5,2019,1205,1403,16,3,Z,X,0
835,2019_1205_1414,0.5,2019,1205,1414,16,13,Z,Z,0
836,2019_1205_1416,0.5,2019,1205,1416,16,9,Z,W,0
837,2019_1205_1429,0.5,2019,1205,1429,16,8,Z,Y,0
838,2019_1205_1433,0.5,2019,1205,1433,16,8,Z,W,0
839,2019_1205_1436,0.5,2019,1205,1436,16,13,Z,X,0
840,2019_1205_1437,0.5,2019,1205,1437,16,6,Z,Z,0
841,2019_1205_1438,0.5,2019,1205,1438,16,1,Z,Z,0
842,2019_1205_1439,0.5,2019,1205,1439,16,4,Z,W,0
843,2019_1205_1449,0.5,2019,1205,1449,16,9,Z,Y,0
844,2019_1205_1458,0.5,2019,1205,1458,16,5,Z,Z,0
845,2019_1205_1459,0.5,2019,1205,1459,16,7,Z,Y,0
846,2019_1205_1463,0.5,2019,1205,1463,16,14,Z,W,0
847,2019_1209_1211,0.5,2019,1209,1211,14,1,Y,X,0
848,2019_1209_1222,0.5,2019,1209,1222,14,3,Y,Y,0
849,2019_1209_1233,0.5,2019,1209,1233,14,16,Y,Y,0
850,2019_1209_1234,0.5,2019,1209,1234,14,10,Y,Z,0
851,2019_1209_1235,0.5,2019,1209,1235,14,6,Y,Y,0
852,2019_1209_1242,0.5,2019,1209,1242,14,4,Y,Y,0
853,2019_1209_1243,0.5,2019,1209,1243,14,4,Y,Z,0
854,2019_1209_1246,0.5,2019,1209,1246,14,2,Y,Y,0
855,2019_1209_1251,0.5,2019,1209,1251,14,12,Y,W,0
856,2019_1209_1257,0.5,2019,1209,1257,14,7,Y,W,0
857,2019_1209_1261,0.5,2019,1209,1261,14,3,Y,W,0
858,2019_1209_1266,0.5,2019,1209,1266,14,5,Y,X,0
859,2019_1209_1268,0.5,2019,1209,1268,14,6,Y,W,0
860,2019_1209_1276,0.5,2019,1209,1276,14,2,Y,X,0
861,2019_1209_1277,0.5,2019,1209,1277,14,2,Y,W,0
862,2019_1209_1278,0.5,2019,1209,1278,14,10,Y,W,0
863,2019_1209_1279,0.5,2019,1209,1279,14,8,Y,Z,0
864,2019_1209_1280,0.5,2019,1209,1280,14,5,Y,W,0
865,2019_1209_1285,0.5,2019,1209,1285,14,15,Y,X,0
866,2019_1209_1293,0.5,2019,1209,1293,14,12,Y,X,0
867,2019_1209_1295,0.5,2019,1209,1295,14,16,Y,W,0
868,2019_1209_1297,0.5,2019,1209,1297,14,14,Y,X,0
869,2019_1209_1300,0.5,2019,1209,1300,14,16,Y,W,0
870,2019_1209_1305,0.5,2019,1209,1305,14,7,Y,X,0
871,2019_1209_1308,0.5,2019,1209,1308,14,12,Y,Y,0
872,2019_1209_1314,0.5,2019,1209,1314,14,1,Y,Y,0
873,2019_1209_1318,0.5,2019,1209,1318,14,13,Y,Y,0
874,2019_1209_1326,0.5,2019,1209,1326,14,11,Y,Y,0
875,2019_1209_1328,0.5,2019,1209,1328,14,9,Y,Z,0
876,2019_1209_1330,0.5,2019,1209,1330,14,14,Y,Z,0
877,2019_1209_1332,0.5,2019,1209,1332,14,12,Y,Z,0
878,2019_1209_1341,0.5,2019,1209,1341,14,16,Y,X,0
879,2019_1209_1345,0.5,2019,1209,1345,14,3,Y,Z,0
880,2019_1209_1371,0.5,2019,1209,1371,14,10,Y,Y,0
881,2019_1209_1385,0.5,2019,1209,1385,14,11,Y,X,0
882,2019_1209_1387,0.5,2019,1209,1387,14,13,Y,W,0
883,2019_1209_1388,0.5,2019,1209,1388,14,11,Y,Z,0
884,2019_1209_1393,0.5,2019,1209,1393,14,8,Y,X,0
885,2019_1209_1396,0.5,2019,1209,1396,14,11,Y,W,0
886,2019_1209_1397,0.5,2019,1209,1397,14,2,Y,Z,0
887,2019_1209_1403,0.5,2019,1209,1403,14,3,Y,X,0
888,2019_1209_1414,0.5,2019,1209,1414,14,13,Y,Z,0
889,2019_1209_1416,0.5,2019,1209,1416,14,9,Y,W,0
890,2019_1209_1429,0.5,2019,1209,1429,14,8,Y,Y,0
891,2019_1209_1433,0.5,2019,1209,1433,14,8,Y,W,0
892,2019_1209_1436,0.5,2019,1209,1436,14,13,Y,X,0
893,2019_1209_1437,0.5,2019,1209,1437,14,6,Y,Z,0
894,2019_1209_1438,0.5,2019,1209,1438,14,1,Y,Z,0
895,2019_1209_1439,0.5,2019,1209,1439,14,4,Y,W,0
896,2019_1209_1449,0.5,2019,1209,1449,14,9,Y,Y,0
897,2019_1209_1458,0.5,2019,1209,1458,14,5,Y,Z,0
898,2019_1209_1459,0.5,2019,1209,1459,14,7,Y,Y,0
899,2019_1209_1463,0.5,2019,1209,1463,14,14,Y,W,0
900,2019_1211_1222,0.5,2019,1211,1222,1,3,X,Y,0
901,2019_1211_1233,0.5,2019,1211,1233,1,16,X,Y,0
902,2019_1211_1234,0.5,2019,1211,1234,1,10,X,Z,0
903,2019_1211_1235,0.5,2019,1211,1235,1,6,X,Y,0
904,2019_1211_1242,0.5,2019,1211,1242,1,4,X,Y,0
905,2019_1211_1243,0.5,2019,1211,1243,1,4,X,Z,0
906,2019_1211_1246,0.5,2019,1211,1246,1,2,X,Y,0
907,2019_1211_1251,0.5,2019,1211,1251,1,12,X,W,0
908,2019_1211_1257,0.5,2019,1211,1257,1,7,X,W,0
909,2019_1211_1261,0.5,2019,1211,1261,1,3,X,W,0
910,2019_1211_1266,0.5,2019,1211,1266,1,5,X,X,0
911,2019_1211_1268,0.5,2019,1211,1268,1,6,X,W,0
912,2019_1211_1276,0.5,2019,1211,1276,1,2,X,X,0
913,2019_1211_1277,0.5,2019,1211,1277,1,2,X,W,0
914,2019_1211_1278,0.5,2019,1211,1278,1,10,X,W,0
915,2019_1211_1279,0.5,2019,1211,1279,1,8,X,Z,0
916,2019_1211_1280,0.5,2019,1211,1280,1,5,X,W,0
917,2019_1211_1285,0.5,2019,1211,1285,1,15,X,X,0
918,2019_1211_1293,0.5,2019,1211,1293,1,12,X,X,0
919,2019_1211_1295,0.5,2019,1211,1295,1,16,X,W,0
920,2019_1211_1297,0.5,2019,1211,1297,1,14,X,X,0
921,2019_1211_1300,0.5,2019,1211,1300,1,16,X,W,0
922,2019_1211_1305,0.5,2019,1211,1305,1,7,X,X,0
923,2019_1211_1308,0.5,2019,1211,1308,1,12,X,Y,0
924,2019_1211_1314,0.5,2019,1211,1314,1,1,X,Y,0
925,2019_1211_1318,0.5,2019,1211,1318,1,13,X,Y,0
926,2019_1211_1326,0.5,2019,1211,1326,1,11,X,Y,0
927,2019_1211_1328,0.5,2019,1211,1328,1,9,X,Z,0
928,2019_1211_1330,0.5,2019,1211,1330,1,14,X,Z,0
929,2019_1211_1332,0.5,2019,1211,1332,1,12,X,Z,0
930,2019_1211_1341,0.5,2019,1211,1341,1,16,X,X,0
931,2019_1211_1345,0.5,2019,1211,1345,1,3,X,Z,0
932,2019_1211_1371,0.5,2019,1211,1371,1,10,X,Y,0
933,2019_1211_1385,0.5,2019,1211,1385,1,11,X,X,0
934,2019_1211_1387,0.5,2019,1211,1387,1,13,X,W,0
935,2019_1211_1388,0.5,2019,1211,1388,1,11,X,Z,0
936,2019_1211_1393,0.5,2019,1211,1393,1,8,X,X,0
937,2019_1211_1396,0.5,2019,1211,1396,1,11,X,W,0
938,2019_1211_1397,0.5,2019,1211,1397,1,2,X,Z,0
939,2019_1211_1403,0.5,2019,1211,1403,1,3,X,X,0
940,2019_1211_1414,0.5,2019,1211,1414,1,13,X,Z,0
941,2019_1211_1416,0.5,2019,1211,1416,1,9,X,W,0
942,2019_1211_1429,0.5,2019,1211,1429,1,8,X,Y,0
943,2019_1211_1433,0.5,2019,1211,1433,1,8,X,W,0
944,2019_1211_1436,0.5,2019,1211,1436,1,13,X,X,0
945,2019_1211_1437,0.5,2019,1211,1437,1,6,X,Z,0
946,2019_1211_1438,0.5,2019,1211,1438,1,1,X,Z,0
947,2019_1211_1439,0.5,2019,1211,1439,1,4,X,W,0
948,2019_1211_1449,0.5,2019,1211,1449,1,9,X,Y,0
949,2019_1211_1458,0.5,2019,1211,1458,1,5,X,Z,0
950,2019_1211_1459,0.5,2019,1211,1459,1,7,X,Y,0
951,2019_1211_1463,0.5,2019,1211,1463,1,14,X,W,0
952,2019_1222_1233,0.5,2019,1222,1233,3,16,Y,Y,0
953,2019_1222_1234,0.5,2019,1222,1234,3,10,Y,Z,0
954,2019_1222_1235,0.5,2019,1222,1235,3,6,Y,Y,0
955,2019_1222_1242,0.5,2019,1222,1242,3,4,Y,Y,0
956,2019_1222_1243,0.5,2019,1222,1243,3,4,Y,Z,0
957,2019_1222_1246,0.5,2019,1222,1246,3,2,Y,Y,0
958,2019_1222_1251,0.5,2019,1222,1251,3,12,Y,W,0
959,2019_1222_1257,0.5,2019,1222,1257,3,7,Y,W,0
960,2019_1222_1261,0.5,2019,1222,1261,3,3,Y,W,0
961,2019_1222_1266,0.5,2019,1222,1266,3,5,Y,X,0
962,2019_1222_1268,0.5,2019,1222,1268,3,6,Y,W,0
963,2019_1222_1276,0.5,2019,1222,1276,3,2,Y,X,0
964,2019_1222_1277,0.5,2019,1222,1277,3,2,Y,W,0
965,2019_1222_1278,0.5,2019,1222,1278,3,10,Y,W,0
966,2019_1222_1279,0.5,2019,1222,1279,3,8,Y,Z,0
967,2019_1222_1280,0.5,2019,1222,1280,3,5,Y,W,0
968,2019_1222_1285,0.5,2019,1222,1285,3,15,Y,X,0
969,2019_1222_1293,0.5,2019,1222,1293,3,12,Y,X,0
970,2019_1222_1295,0.5,2019,1222,1295,3,16,Y,W,0
971,2019_1222_1297,0.5,2019,1222,1297,3,14,Y,X,0
972,2019_1222_1300,0.5,2019,1222,1300,3,16,Y,W,0
973,2019_1222_1305,0.5,2019,1222,1305,3,7,Y,X,0
974,2019_1222_1308,0.5,2019,1222,1308,3,12,Y,Y,0
975,2019_1222_1314,0.5,2019,1222,1314,3,1,Y,Y,0
976,2019_1222_1318,0.5,2019,1222,1318,3,13,Y,Y,0
977,2019_1222_1326,0.5,2019,1222,1326,3,11,Y,Y,0
978,2019_1222_1328,0.5,2019,1222,1328,3,9,Y,Z,0
979,2019_1222_1330,0.5,2019,1222,1330,3,14,Y,Z,0
980,2019_1222_1332,0.5,2019,1222,1332,3,12,Y,Z,0
981,2019_1222_1341,0.5,2019,1222,1341,3,16,Y,X,0
982,2019_1222_1345,0.5,2019,1222,1345,3,3,Y,Z,0
983,2019_1222_1371,0.5,2019,1222,1371,3,10,Y,Y,0
984,2019_1222_1385,0.5,2019,1222,1385,3,11,Y,X,0
985,2019_1222_1387,0.5,2019,1222,1387,3,13,Y,W,0
986,2019_1222_1388,0.5,2019,1222,1388,3,11,Y,Z,0
987,2019_1222_1393,0.5,2019,1222,1393,3,8,Y,X,0
988,2019_1222_1396,0.5,2019,1222,1396,3,11,Y,W,0
989,2019_1222_1397,0.5,2019,1222,1397,3,2,Y,Z,0
990,2019_1222_1403,0.5,2019,1222,1403,3,3,Y,X,0
991,2019_1222_1414,0.5,2019,1222,1414,3,13,Y,Z,0
992,2019_1222_1416,0.5,2019,1222,1416,3,9,Y,W,0
993,2019_1222_1429,0.5,2019,1222,1429,3,8,Y,Y,0
994,2019_1222_1433,0.5,2019,1222,1433,3,8,Y,W,0
995,2019_1222_1436,0.5,2019,1222,1436,3,13,Y,X,0
996,2019_1222_1437,0.5,2019,1222,1437,3,6,Y,Z,0
997,2019_1222_1438,0.5,2019,1222,1438,3,1,Y,Z,0
998,2019_1222_1439,0.5,2019,1222,1439,3,4,Y,W,0
999,2019_1222_1449,0.5,2019,1222,1449,3,9,Y,Y,0
1000,2019_1222_1458,0.5,2019,1222,1458,3,5,Y,Z,0
1001,2019_1222_1459,0.5,2019,1222,1459,3,7,Y,Y,0
1002,2019_1222_1463,0.5,2019,1222,1463,3,14,Y,W,0
1003,2019_1233_1234,0.5,2019,1233,1234,16,10,Y,Z,0
1004,2019_1233_1235,0.5,2019,1233,1235,16,6,Y,Y,0
1005,2019_1233_1242,0.5,2019,1233,1242,16,4,Y,Y,0
1006,2019_1233_1243,0.5,2019,1233,1243,16,4,Y,Z,0
1007,2019_1233_1246,0.5,2019,1233,1246,16,2,Y,Y,0
1008,2019_1233_1251,0.5,2019,1233,1251,16,12,Y,W,0
1009,2019_1233_1257,0.5,2019,1233,1257,16,7,Y,W,0
1010,2019_1233_1261,0.5,2019,1233,1261,16,3,Y,W,0
1011,2019_1233_1266,0.5,2019,1233,1266,16,5,Y,X,0
1012,2019_1233_1268,0.5,2019,1233,1268,16,6,Y,W,0
1013,2019_1233_1276,0.5,2019,1233,1276,16,2,Y,X,0
1014,2019_1233_1277,0.5,2019,1233,1277,16,2,Y,W,0
1015,2019_1233_1278,0.5,2019,1233,1278,16,10,Y,W,0
1016,2019_1233_1279,0.5,2019,1233,1279,16,8,Y,Z,0
1017,2019_1233_1280,0.5,2019,1233,1280,16,5,Y,W,0
1018,2019_1233_1285,0.5,2019,1233,1285,16,15,Y,X,0
1019,2019_1233_1293,0.5,2019,1233,1293,16,12,Y,X,0
1020,2019_1233_1295,0.5,2019,1233,1295,16,16,Y,W,0
1021,2019_1233_1297,0.5,2019,1233,1297,16,14,Y,X,0
1022,2019_1233_1300,0.5,2019,1233,1300,16,16,Y,W,0
1023,2019_1233_1305,0.5,2019,1233,1305,16,7,Y,X,0
1024,2019_1233_1308,0.5,2019,1233,1308,16,12,Y,Y,0
1025,2019_1233_1314,0.5,2019,1233,1314,16,1,Y,Y,0
1026,2019_1233_1318,0.5,2019,1233,1318,16,13,Y,Y,0
1027,2019_1233_1326,0.5,2019,1233,1326,16,11,Y,Y,0
1028,2019_1233_1328,0.5,2019,1233,1328,16,9,Y,Z,0
1029,2019_1233_1330,0.5,2019,1233,1330,16,14,Y,Z,0
1030,2019_1233_1332,0.5,2019,1233,1332,16,12,Y,Z,0
1031,2019_1233_1341,0.5,2019,1233,1341,16,16,Y,X,0
1032,2019_1233_1345,0.5,2019,1233,1345,16,3,Y,Z,0
1033,2019_1233_1371,0.5,2019,1233,1371,16,10,Y,Y,0
1034,2019_1233_1385,0.5,2019,1233,1385,16,11,Y,X,0
1035,2019_1233_1387,0.5,2019,1233,1387,16,13,Y,W,0
1036,2019_1233_1388,0.5,2019,1233,1388,16,11,Y,Z,0
1037,2019_1233_1393,0.5,2019,1233,1393,16,8,Y,X,0
1038,2019_1233_1396,0.5,2019,1233,1396,16,11,Y,W,0
1039,2019_1233_1397,0.5,2019,1233,1397,16,2,Y,Z,0
1040,2019_1233_1403,0.5,2019,1233,1403,16,3,Y,X,0
1041,2019_1233_1414,0.5,2019,1233,1414,16,13,Y,Z,0
1042,2019_1233_1416,0.5,2019,1233,1416,16,9,Y,W,0
1043,2019_1233_1429,0.5,2019,1233,1429,16,8,Y,Y,0
1044,2019_1233_1433,0.5,2019,1233,1433,16,8,Y,W,0
1045,2019_1233_1436,0.5,2019,1233,1436,16,13,Y,X,0
1046,2019_1233_1437,0.5,2019,1233,1437,16,6,Y,Z,0
1047,2019_1233_1438,0.5,2019,1233,1438,16,1,Y,Z,0
1048,2019_1233_1439,0.5,2019,1233,1439,16,4,Y,W,0
1049,2019_1233_1449,0.5,2019,1233,1449,16,9,Y,Y,0
1050,2019_1233_1458,0.5,2019,1233,1458,16,5,Y,Z,0
1051,2019_1233_1459,0.5,2019,1233,1459,16,7,Y,Y,0
1052,2019_1233_1463,0.5,2019,1233,1463,16,14,Y,W,0
1053,2019_1234_1235,0.5,2019,1234,1235,10,6,Z,Y,0
1054,2019_1234_1242,0.5,2019,1234,1242,10,4,Z,Y,0
1055,2019_1234_1243,0.5,2019,1234,1243,10,4,Z,Z,0
1056,2019_1234_1246,0.5,2019,1234,1246,10,2,Z,Y,0
1057,2019_1234_1251,0.5,2019,1234,1251,10,12,Z,W,0
1058,2019_1234_1257,0.5,2019,1234,1257,10,7,Z,W,0
1059,2019_1234_1261,0.5,2019,1234,1261,10,3,Z,W,0
1060,2019_1234_1266,0.5,2019,1234,1266,10,5,Z,X,0
1061,2019_1234_1268,0.5,2019,1234,1268,10,6,Z,W,0
1062,2019_1234_1276,0.5,2019,1234,1276,10,2,Z,X,0
1063,2019_1234_1277,0.5,2019,1234,1277,10,2,Z,W,0
1064,2019_1234_1278,0.5,2019,1234,1278,10,10,Z,W,0
1065,2019_1234_1279,0.5,2019,1234,1279,10,8,Z,Z,0
1066,2019_1234_1280,0.5,2019,1234,1280,10,5,Z,W,0
1067,2019_1234_1285,0.5,2019,1234,1285,10,15,Z,X,0
1068,2019_1234_1293,0.5,2019,1234,1293,10,12,Z,X,0
1069,2019_1234_1295,0.5,2019,1234,1295,10,16,Z,W,0
1070,2019_1234_1297,0.5,2019,1234,1297,10,14,Z,X,0
1071,2019_1234_1300,0.5,2019,1234,1300,10,16,Z,W,0
1072,2019_1234_1305,0.5,2019,1234,1305,10,7,Z,X,0
1073,2019_1234_1308,0.5,2019,1234,1308,10,12,Z,Y,0
1074,2019_1234_1314,0.5,2019,1234,1314,10,1,Z,Y,0
1075,2019_1234_1318,0.5,2019,1234,1318,10,13,Z,Y,0
1076,2019_1234_1326,0.5,2019,1234,1326,10,11,Z,Y,0
1077,2019_1234_1328,0.5,2019,1234,1328,10,9,Z,Z,0
1078,2019_1234_1330,0.5,2019,1234,1330,10,14,Z,Z,0
1079,2019_1234_1332,0.5,2019,1234,1332,10,12,Z,Z,0
1080,2019_1234_1341,0.5,2019,1234,1341,10,16,Z,X,0
1081,2019_1234_1345,0.5,2019,1234,1345,10,3,Z,Z,0
1082,2019_1234_1371,0.5,2019,1234,1371,10,10,Z,Y,0
1083,2019_1234_1385,0.5,2019,1234,1385,10,11,Z,X,0
1084,2019_1234_1387,0.5,2019,1234,1387,10,13,Z,W,0
1085,2019_1234_1388,0.5,2019,1234,1388,10,11,Z,Z,0
1086,2019_1234_1393,0.5,2019,1234,1393,10,8,Z,X,0
1087,2019_1234_1396,0.5,2019,1234,1396,10,11,Z,W,0
1088,2019_1234_1397,0.5,2019,1234,1397,10,2,Z,Z,0
1089,2019_1234_1403,0.5,2019,1234,1403,10,3,Z,X,0
1090,2019_1234_1414,0.5,2019,1234,1414,10,13,Z,Z,0
1091,2019_1234_1416,0.5,2019,1234,1416,10,9,Z,W,0
1092,2019_1234_1429,0.5,2019,1234,1429,10,8,Z,Y,0
1093,2019_1234_1433,0.5,2019,1234,1433,10,8,Z,W,0
1094,2019_1234_1436,0.5,2019,1234,1436,10,13,Z,X,0
1095,2019_1234_1437,0.5,2019,1234,1437,10,6,Z,Z,0
1096,2019_1234_1438,0.5,2019,1234,1438,10,1,Z,Z,0
1097,2019_1234_1439,0.5,2019,1234,1439,10,4,Z,W,0
1098,2019_1234_1449,0.5,2019,1234,1449,10,9,Z,Y,0
1099,2019_1234_1458,0.5,2019,1234,1458,10,5,Z,Z,0
1100,2019_1234_1459,0.5,2019,1234,1459,10,7,Z,Y,0
1101,2019_1234_1463,0.5,2019,1234,1463,10,14,Z,W,0
1102,2019_1235_1242,0.5,2019,1235,1242,6,4,Y,Y,0
1103,2019_1235_1243,0.5,2019,1235,1243,6,4,Y,Z,0
1104,2019_1235_1246,0.5,2019,1235,1246,6,2,Y,Y,0
1105,2019_1235_1251,0.5,2019,1235,1251,6,12,Y,W,0
1106,2019_1235_1257,0.5,2019,1235,1257,6,7,Y,W,0
1107,2019_1235_1261,0.5,2019,1235,1261,6,3,Y,W,0
1108,2019_1235_1266,0.5,2019,1235,1266,6,5,Y,X,0
1109,2019_1235_1268,0.5,2019,1235,1268,6,6,Y,W,0
1110,2019_1235_1276,0.5,2019,1235,1276,6,2,Y,X,0
1111,2019_1235_1277,0.5,2019,1235,1277,6,2,Y,W,0
1112,2019_1235_1278,0.5,2019,1235,1278,6,10,Y,W,0
1113,2019_1235_1279,0.5,2019,1235,1279,6,8,Y,Z,0
1114,2019_1235_1280,0.5,2019,1235,1280,6,5,Y,W,0
1115,2019_1235_1285,0.5,2019,1235,1285,6,15,Y,X,0
1116,2019_1235_1293,0.5,2019,1235,1293,6,12,Y,X,0
1117,2019_1235_1295,0.5,2019,1235,1295,6,16,Y,W,0
1118,2019_1235_1297,0.5,2019,1235,1297,6,14,Y,X,0
1119,2019_1235_1300,0.5,2019,1235,1300,6,16,Y,W,0
1120,2019_1235_1305,0.5,2019,1235,1305,6,7,Y,X,0
1121,2019_1235_1308,0.5,2019,1235,1308,6,12,Y,Y,0
1122,2019_1235_1314,0.5,2019,1235,1314,6,1,Y,Y,0
1123,2019_1235_1318,0.5,2019,1235,1318,6,13,Y,Y,0
1124,2019_1235_1326,0.5,2019,1235,1326,6,11,Y,Y,0
1125,2019_1235_1328,0.5,2019,1235,1328,6,9,Y,Z,0
1126,2019_1235_1330,0.5,2019,1235,1330,6,14,Y,Z,0
1127,2019_1235_1332,0.5,2019,1235,1332,6,12,Y,Z,0
1128,2019_1235_1341,0.5,2019,1235,1341,6,16,Y,X,0
1129,2019_1235_1345,0.5,2019,1235,1345,6,3,Y,Z,0
1130,2019_1235_1371,0.5,2019,1235,1371,6,10,Y,Y,0
1131,2019_1235_1385,0.5,2019,1235,1385,6,11,Y,X,0
1132,2019_1235_1387,0.5,2019,1235,1387,6,13,Y,W,0
1133,2019_1235_1388,0.5,2019,1235,1388,6,11,Y,Z,0
1134,2019_1235_1393,0.5,2019,1235,1393,6,8,Y,X,0
1135,2019_1235_1396,0.5,2019,1235,1396,6,11,Y,W,0
1136,2019_1235_1397,0.5,2019,1235,1397,6,2,Y,Z,0
1137,2019_1235_1403,0.5,2019,1235,1403,6,3,Y,X,0
1138,2019_1235_1414,0.5,2019,1235,1414,6,13,Y,Z,0
1139,2019_1235_1416,0.5,2019,1235,1416,6,9,Y,W,0
1140,2019_1235_1429,0.5,2019,1235,1429,6,8,Y,Y,0
1141,2019_1235_1433,0.5,2019,1235,1433,6,8,Y,W,0
1142,2019_1235_1436,0.5,2019,1235,1436,6,13,Y,X,0
1143,2019_1235_1437,0.5,2019,1235,1437,6,6,Y,Z,0
1144,2019_1235_1438,0.5,2019,1235,1438,6,1,Y,Z,0
1145,2019_1235_1439,0.5,2019,1235,1439,6,4,Y,W,0
1146,2019_1235_1449,0.5,2019,1235,1449,6,9,Y,Y,0
1147,2019_1235_1458,0.5,2019,1235,1458,6,5,Y,Z,0
1148,2019_1235_1459,0.5,2019,1235,1459,6,7,Y,Y,0
1149,2019_1235_1463,0.5,2019,1235,1463,6,14,Y,W,0
1150,2019_1242_1243,0.5,2019,1242,1243,4,4,Y,Z,0
1151,2019_1242_1246,0.5,2019,1242,1246,4,2,Y,Y,0
1152,2019_1242_1251,0.5,2019,1242,1251,4,12,Y,W,0
1153,2019_1242_1257,0.5,2019,1242,1257,4,7,Y,W,0
1154,2019_1242_1261,0.5,2019,1242,1261,4,3,Y,W,0
1155,2019_1242_1266,0.5,2019,1242,1266,4,5,Y,X,0
1156,2019_1242_1268,0.5,2019,1242,1268,4,6,Y,W,0
1157,2019_1242_1276,0.5,2019,1242,1276,4,2,Y,X,0
1158,2019_1242_1277,0.5,2019,1242,1277,4,2,Y,W,0
1159,2019_1242_1278,0.5,2019,1242,1278,4,10,Y,W,0
1160,2019_1242_1279,0.5,2019,1242,1279,4,8,Y,Z,0
1161,2019_1242_1280,0.5,2019,1242,1280,4,5,Y,W,0
1162,2019_1242_1285,0.5,2019,1242,1285,4,15,Y,X,0
1163,2019_1242_1293,0.5,2019,1242,1293,4,12,Y,X,0
1164,2019_1242_1295,0.5,2019,1242,1295,4,16,Y,W,0
1165,2019_1242_1297,0.5,2019,1242,1297,4,14,Y,X,0
1166,2019_1242_1300,0.5,2019,1242,1300,4,16,Y,W,0
1167,2019_1242_1305,0.5,2019,1242,1305,4,7,Y,X,0
1168,2019_1242_1308,0.5,2019,1242,1308,4,12,Y,Y,0
1169,2019_1242_1314,0.5,2019,1242,1314,4,1,Y,Y,0
1170,2019_1242_1318,0.5,2019,1242,1318,4,13,Y,Y,0
1171,2019_1242_1326,0.5,2019,1242,1326,4,11,Y,Y,0
1172,2019_1242_1328,0.5,2019,1242,1328,4,9,Y,Z,0
1173,2019_1242_1330,0.5,2019,1242,1330,4,14,Y,Z,0
1174,2019_1242_1332,0.5,2019,1242,1332,4,12,Y,Z,0
1175,2019_1242_1341,0.5,2019,1242,1341,4,16,Y,X,0
1176,2019_1242_1345,0.5,2019,1242,1345,4,3,Y,Z,0
1177,2019_1242_1371,0.5,2019,1242,1371,4,10,Y,Y,0
1178,2019_1242_1385,0.5,2019,1242,1385,4,11,Y,X,0
1179,2019_1242_1387,0.5,2019,1242,1387,4,13,Y,W,0
1180,2019_1242_1388,0.5,2019,1242,1388,4,11,Y,Z,0
1181,2019_1242_1393,0.5,2019,1242,1393,4,8,Y,X,0
1182,2019_1242_1396,0.5,2019,1242,1396,4,11,Y,W,0
1183,2019_1242_1397,0.5,2019,1242,1397,4,2,Y,Z,0
1184,2019_1242_1403,0.5,2019,1242,1403,4,3,Y,X,0
1185,2019_1242_1414,0.5,2019,1242,1414,4,13,Y,Z,0
1186,2019_1242_1416,0.5,2019,1242,1416,4,9,Y,W,0
1187,2019_1242_1429,0.5,2019,1242,1429,4,8,Y,Y,0
1188,2019_1242_1433,0.5,2019,1242,1433,4,8,Y,W,0
1189,2019_1242_1436,0.5,2019,1242,1436,4,13,Y,X,0
1190,2019_1242_1437,0.5,2019,1242,1437,4,6,Y,Z,0
1191,2019_1242_1438,0.5,2019,1242,1438,4,1,Y,Z,0
1192,2019_1242_1439,0.5,2019,1242,1439,4,4,Y,W,0
1193,2019_1242_1449,0.5,2019,1242,1449,4,9,Y,Y,0
1194,2019_1242_1458,0.5,2019,1242,1458,4,5,Y,Z,0
1195,2019_1242_1459,0.5,2019,1242,1459,4,7,Y,Y,0
1196,2019_1242_1463,0.5,2019,1242,1463,4,14,Y,W,0
1197,2019_1243_1246,0.5,2019,1243,1246,4,2,Z,Y,0
1198,2019_1243_1251,0.5,2019,1243,1251,4,12,Z,W,0
1199,2019_1243_1257,0.5,2019,1243,1257,4,7,Z,W,0
1200,2019_1243_1261,0.5,2019,1243,1261,4,3,Z,W,0
1201,2019_1243_1266,0.5,2019,1243,1266,4,5,Z,X,0
1202,2019_1243_1268,0.5,2019,1243,1268,4,6,Z,W,0
1203,2019_1243_1276,0.5,2019,1243,1276,4,2,Z,X,0
1204,2019_1243_1277,0.5,2019,1243,1277,4,2,Z,W,0
1205,2019_1243_1278,0.5,2019,1243,1278,4,10,Z,W,0
1206,2019_1243_1279,0.5,2019,1243,1279,4,8,Z,Z,0
1207,2019_1243_1280,0.5,2019,1243,1280,4,5,Z,W,0
1208,2019_1243_1285,0.5,2019,1243,1285,4,15,Z,X,0
1209,2019_1243_1293,0.5,2019,1243,1293,4,12,Z,X,0
1210,2019_1243_1295,0.5,2019,1243,1295,4,16,Z,W,0
1211,2019_1243_1297,0.5,2019,1243,1297,4,14,Z,X,0
1212,2019_1243_1300,0.5,2019,1243,1300,4,16,Z,W,0
1213,2019_1243_1305,0.5,2019,1243,1305,4,7,Z,X,0
1214,2019_1243_1308,0.5,2019,1243,1308,4,12,Z,Y,0
1215,2019_1243_1314,0.5,2019,1243,1314,4,1,Z,Y,0
1216,2019_1243_1318,0.5,2019,1243,1318,4,13,Z,Y,0
1217,2019_1243_1326,0.5,2019,1243,1326,4,11,Z,Y,0
1218,2019_1243_1328,0.5,2019,1243,1328,4,9,Z,Z,0
1219,2019_1243_1330,0.5,2019,1243,1330,4,14,Z,Z,0
1220,2019_1243_1332,0.5,2019,1243,1332,4,12,Z,Z,0
1221,2019_1243_1341,0.5,2019,1243,1341,4,16,Z,X,0
1222,2019_1243_1345,0.5,2019,1243,1345,4,3,Z,Z,0
1223,2019_1243_1371,0.5,2019,1243,1371,4,10,Z,Y,0
1224,2019_1243_1385,0.5,2019,1243,1385,4,11,Z,X,0
1225,2019_1243_1387,0.5,2019,1243,1387,4,13,Z,W,0
1226,2019_1243_1388,0.5,2019,1243,1388,4,11,Z,Z,0
1227,2019_1243_1393,0.5,2019,1243,1393,4,8,Z,X,0
1228,2019_1243_1396,0.5,2019,1243,1396,4,11,Z,W,0
1229,2019_1243_1397,0.5,2019,1243,1397,4,2,Z,Z,0
1230,2019_1243_1403,0.5,2019,1243,1403,4,3,Z,X,0
1231,2019_1243_1414,0.5,2019,1243,1414,4,13,Z,Z,0
1232,2019_1243_1416,0.5,2019,1243,1416,4,9,Z,W,0
1233,2019_1243_1429,0.5,2019,1243,1429,4,8,Z,Y,0
1234,2019_1243_1433,0.5,2019,1243,1433,4,8,Z,W,0
1235,2019_1243_1436,0.5,2019,1243,1436,4,13,Z,X,0
1236,2019_1243_1437,0.5,2019,1243,1437,4,6,Z,Z,0
1237,2019_1243_1438,0.5,2019,1243,1438,4,1,Z,Z,0
1238,2019_1243_1439,0.5,2019,1243,1439,4,4,Z,W,0
1239,2019_1243_1449,0.5,2019,1243,1449,4,9,Z,Y,0
1240,2019_1243_1458,0.5,2019,1243,1458,4,5,Z,Z,0
1241,2019_1243_1459,0.5,2019,1243,1459,4,7,Z,Y,0
1242,2019_1243_1463,0.5,2019,1243,1463,4,14,Z,W,0
1243,2019_1246_1251,0.5,2019,1246,1251,2,12,Y,W,0
1244,2019_1246_1257,0.5,2019,1246,1257,2,7,Y,W,0
1245,2019_1246_1261,0.5,2019,1246,1261,2,3,Y,W,0
1246,2019_1246_1266,0.5,2019,1246,1266,2,5,Y,X,0
1247,2019_1246_1268,0.5,2019,1246,1268,2,6,Y,W,0
1248,2019_1246_1276,0.5,2019,1246,1276,2,2,Y,X,0
1249,2019_1246_1277,0.5,2019,1246,1277,2,2,Y,W,0
1250,2019_1246_1278,0.5,2019,1246,1278,2,10,Y,W,0
1251,2019_1246_1279,0.5,2019,1246,1279,2,8,Y,Z,0
1252,2019_1246_1280,0.5,2019,1246,1280,2,5,Y,W,0
1253,2019_1246_1285,0.5,2019,1246,1285,2,15,Y,X,0
1254,2019_1246_1293,0.5,2019,1246,1293,2,12,Y,X,0
1255,2019_1246_1295,0.5,2019,1246,1295,2,16,Y,W,0
1256,2019_1246_1297,0.5,2019,1246,1297,2,14,Y,X,0
1257,2019_1246_1300,0.5,2019,1246,1300,2,16,Y,W,0
1258,2019_1246_1305,0.5,2019,1246,1305,2,7,Y,X,0
1259,2019_1246_1308,0.5,2019,1246,1308,2,12,Y,Y,0
1260,2019_1246_1314,0.5,2019,1246,1314,2,1,Y,Y,0
1261,2019_1246_1318,0.5,2019,1246,1318,2,13,Y,Y,0
1262,2019_1246_1326,0.5,2019,1246,1326,2,11,Y,Y,0
1263,2019_1246_1328,0.5,2019,1246,1328,2,9,Y,Z,0
1264,2019_1246_1330,0.5,2019,1246,1330,2,14,Y,Z,0
1265,2019_1246_1332,0.5,2019,1246,1332,2,12,Y,Z,0
1266,2019_1246_1341,0.5,2019,1246,1341,2,16,Y,X,0
1267,2019_1246_1345,0.5,2019,1246,1345,2,3,Y,Z,0
1268,2019_1246_1371,0.5,2019,1246,1371,2,10,Y,Y,0
1269,2019_1246_1385,0.5,2019,1246,1385,2,11,Y,X,0
1270,2019_1246_1387,0.5,2019,1246,1387,2,13,Y,W,0
1271,2019_1246_1388,0.5,2019,1246,1388,2,11,Y,Z,0
1272,2019_1246_1393,0.5,2019,1246,1393,2,8,Y,X,0
1273,2019_1246_1396,0.5,2019,1246,1396,2,11,Y,W,0
1274,2019_1246_1397,0.5,2019,1246,1397,2,2,Y,Z,0
1275,2019_1246_1403,0.5,2019,1246,1403,2,3,Y,X,0
1276,2019_1246_1414,0.5,2019,1246,1414,2,13,Y,Z,0
1277,2019_1246_1416,0.5,2019,1246,1416,2,9,Y,W,0
1278,2019_1246_1429,0.5,2019,1246,1429,2,8,Y,Y,0
1279,2019_1246_1433,0.5,2019,1246,1433,2,8,Y,W,0
1280,2019_1246_1436,0.5,2019,1246,1436,2,13,Y,X,0
1281,2019_1246_1437,0.5,2019,1246,1437,2,6,Y,Z,0
1282,2019_1246_1438,0.5,2019,1246,1438,2,1,Y,Z,0
1283,2019_1246_1439,0.5,2019,1246,1439,2,4,Y,W,0
1284,2019_1246_1449,0.5,2019,1246,1449,2,9,Y,Y,0
1285,2019_1246_1458,0.5,2019,1246,1458,2,5,Y,Z,0
1286,2019_1246_1459,0.5,2019,1246,1459,2,7,Y,Y,0
1287,2019_1246_1463,0.5,2019,1246,1463,2,14,Y,W,0
1288,2019_1251_1257,0.5,2019,1251,1257,12,7,W,W,0
1289,2019_1251_1261,0.5,2019,1251,1261,12,3,W,W,0
1290,2019_1251_1266,0.5,2019,1251,1266,12,5,W,X,0
1291,2019_1251_1268,0.5,2019,1251,1268,12,6,W,W,0
1292,2019_1251_1276,0.5,2019,1251,1276,12,2,W,X,0
1293,2019_1251_1277,0.5,2019,1251,1277,12,2,W,W,0
1294,2019_1251_1278,0.5,2019,1251,1278,12,10,W,W,0
1295,2019_1251_1279,0.5,2019,1251,1279,12,8,W,Z,0
1296,2019_1251_1280,0.5,2019,1251,1280,12,5,W,W,0
1297,2019_1251_1285,0.5,2019,1251,1285,12,15,W,X,0
1298,2019_1251_1293,0.5,2019,1251,1293,12,12,W,X,0
1299,2019_1251_1295,0.5,2019,1251,1295,12,16,W,W,0
1300,2019_1251_1297,0.5,2019,1251,1297,12,14,W,X,0
1301,2019_1251_1300,0.5,2019,1251,1300,12,16,W,W,0
1302,2019_1251_1305,0.5,2019,1251,1305,12,7,W,X,0
1303,2019_1251_1308,0.5,2019,1251,1308,12,12,W,Y,0
1304,2019_1251_1314,0.5,2019,1251,1314,12,1,W,Y,0
1305,2019_1251_1318,0.5,2019,1251,1318,12,13,W,Y,0
1306,2019_1251_1326,0.5,2019,1251,1326,12,11,W,Y,0
1307,2019_1251_1328,0.5,2019,1251,1328,12,9,W,Z,0
1308,2019_1251_1330,0.5,2019,1251,1330,12,14,W,Z,0
1309,2019_1251_1332,0.5,2019,1251,1332,12,12,W,Z,0
1310,2019_1251_1341,0.5,2019,1251,1341,12,16,W,X,0
1311,2019_1251_1345,0.5,2019,1251,1345,12,3,W,Z,0
1312,2019_1251_1371,0.5,2019,1251,1371,12,10,W,Y,0
1313,2019_1251_1385,0.5,2019,1251,1385,12,11,W,X,0
1314,2019_1251_1387,0.5,2019,1251,1387,12,13,W,W,0
1315,2019_1251_1388,0.5,2019,1251,1388,12,11,W,Z,0
1316,2019_1251_1393,0.5,2019,1251,1393,12,8,W,X,0
1317,2019_1251_1396,0.5,2019,1251,1396,12,11,W,W,0
1318,2019_1251_1397,0.5,2019,1251,1397,12,2,W,Z,0
1319,2019_1251_1403,0.5,2019,1251,1403,12,3,W,X,0
1320,2019_1251_1414,0.5,2019,1251,1414,12,13,W,Z,0
1321,2019_1251_1416,0.5,2019,1251,1416,12,9,W,W,0
1322,2019_1251_1429,0.5,2019,1251,1429,12,8,W,Y,0
1323,2019_1251_1433,0.5,2019,1251,1433,12,8,W,W,0
1324,2019_1251_1436,0.5,2019,1251,1436,12,13,W,X,0
1325,2019_1251_1437,0.5,2019,1251,1437,12,6,W,Z,0
1326,2019_1251_1438,0.5,2019,1251,1438,12,1,W,Z,0
1327,2019_1251_1439,0.5,2019,1251,1439,12,4,W,W,0
1328,2019_1251_1449,0.5,2019,1251,1449,12,9,W,Y,0
1329,2019_1251_1458,0.5,2019,1251,1458,12,5,W,Z,0
1330,2019_1251_1459,0.5,2019,1251,1459,12,7,W,Y,0
1331,2019_1251_1463,0.5,2019,1251,1463,12,14,W,W,0
1332,2019_1257_1261,0.5,2019,1257,1261,7,3,W,W,0
1333,2019_1257_1266,0.5,2019,1257,1266,7,5,W,X,0
1334,2019_1257_1268,0.5,2019,1257,1268,7,6,W,W,0
1335,2019_1257_1276,0.5,2019,1257,1276,7,2,W,X,0
1336,2019_1257_1277,0.5,2019,1257,1277,7,2,W,W,0
1337,2019_1257_1278,0.5,2019,1257,1278,7,10,W,W,0
1338,2019_1257_1279,0.5,2019,1257,1279,7,8,W,Z,0
1339,2019_1257_1280,0.5,2019,1257,1280,7,5,W,W,0
1340,2019_1257_1285,0.5,2019,1257,1285,7,15,W,X,0
1341,2019_1257_1293,0.5,2019,1257,1293,7,12,W,X,0
1342,2019_1257_1295,0.5,2019,1257,1295,7,16,W,W,0
1343,2019_1257_1297,0.5,2019,1257,1297,7,14,W,X,0
1344,2019_1257_1300,0.5,2019,1257,1300,7,16,W,W,0
1345,2019_1257_1305,0.5,2019,1257,1305,7,7,W,X,0
1346,2019_1257_1308,0.5,2019,1257,1308,7,12,W,Y,0
1347,2019_1257_1314,0.5,2019,1257,1314,7,1,W,Y,0
1348,2019_1257_1318,0.5,2019,1257,1318,7,13,W,Y,0
1349,2019_1257_1326,0.5,2019,1257,1326,7,11,W,Y,0
1350,2019_1257_1328,0.5,2019,1257,1328,7,9,W,Z,0
1351,2019_1257_1330,0.5,2019,1257,1330,7,14,W,Z,0
1352,2019_1257_1332,0.5,2019,1257,1332,7,12,W,Z,0
1353,2019_1257_1341,0.5,2019,1257,1341,7,16,W,X,0
1354,2019_1257_1345,0.5,2019,1257,1345,7,3,W,Z,0
1355,2019_1257_1371,0.5,2019,1257,1371,7,10,W,Y,0
1356,2019_1257_1385,0.5,2019,1257,1385,7,11,W,X,0
1357,2019_1257_1387,0.5,2019,1257,1387,7,13,W,W,0
1358,2019_1257_1388,0.5,2019,1257,1388,7,11,W,Z,0
1359,2019_1257_1393,0.5,2019,1257,1393,7,8,W,X,0
1360,2019_1257_1396,0.5,2019,1257,1396,7,11,W,W,0
1361,2019_1257_1397,0.5,2019,1257,1397,7,2,W,Z,0
1362,2019_1257_1403,0.5,2019,1257,1403,7,3,W,X,0
1363,2019_1257_1414,0.5,2019,1257,1414,7,13,W,Z,0
1364,2019_1257_1416,0.5,2019,1257,1416,7,9,W,W,0
1365,2019_1257_1429,0.5,2019,1257,1429,7,8,W,Y,0
1366,2019_1257_1433,0.5,2019,1257,1433,7,8,W,W,0
1367,2019_1257_1436,0.5,2019,1257,1436,7,13,W,X,0
1368,2019_1257_1437,0.5,2019,1257,1437,7,6,W,Z,0
1369,2019_1257_1438,0.5,2019,1257,1438,7,1,W,Z,0
1370,2019_1257_1439,0.5,2019,1257,1439,7,4,W,W,0
1371,2019_1257_1449,0.5,2019,1257,1449,7,9,W,Y,0
1372,2019_1257_1458,0.5,2019,1257,1458,7,5,W,Z,0
1373,2019_1257_1459,0.5,2019,1257,1459,7,7,W,Y,0
1374,2019_1257_1463,0.5,2019,1257,1463,7,14,W,W,0
1375,2019_1261_1266,0.5,2019,1261,1266,3,5,W,X,0
1376,2019_1261_1268,0.5,2019,1261,1268,3,6,W,W,0
1377,2019_1261_1276,0.5,2019,1261,1276,3,2,W,X,0
1378,2019_1261_1277,0.5,2019,1261,1277,3,2,W,W,0
1379,2019_1261_1278,0.5,2019,1261,1278,3,10,W,W,0
1380,2019_1261_1279,0.5,2019,1261,1279,3,8,W,Z,0
1381,2019_1261_1280,0.5,2019,1261,1280,3,5,W,W,0
1382,2019_1261_1285,0.5,2019,1261,1285,3,15,W,X,0
1383,2019_1261_1293,0.5,2019,1261,1293,3,12,W,X,0
1384,2019_1261_1295,0.5,2019,1261,1295,3,16,W,W,0
1385,2019_1261_1297,0.5,2019,1261,1297,3,14,W,X,0
1386,2019_1261_1300,0.5,2019,1261,1300,3,16,W,W,0
1387,2019_1261_1305,0.5,2019,1261,1305,3,7,W,X,0
1388,2019_1261_1308,0.5,2019,1261,1308,3,12,W,Y,0
1389,2019_1261_1314,0.5,2019,1261,1314,3,1,W,Y,0
1390,2019_1261_1318,0.5,2019,1261,1318,3,13,W,Y,0
1391,2019_1261_1326,0.5,2019,1261,1326,3,11,W,Y,0
1392,2019_1261_1328,0.5,2019,1261,1328,3,9,W,Z,0
1393,2019_1261_1330,0.5,2019,1261,1330,3,14,W,Z,0
1394,2019_1261_1332,0.5,2019,1261,1332,3,12,W,Z,0
1395,2019_1261_1341,0.5,2019,1261,1341,3,16,W,X,0
1396,2019_1261_1345,0.5,2019,1261,1345,3,3,W,Z,0
1397,2019_1261_1371,0.5,2019,1261,1371,3,10,W,Y,0
1398,2019_1261_1385,0.5,2019,1261,1385,3,11,W,X,0
1399,2019_1261_1387,0.5,2019,1261,1387,3,13,W,W,0
1400,2019_1261_1388,0.5,2019,1261,1388,3,11,W,Z,0
1401,2019_1261_1393,0.5,2019,1261,1393,3,8,W,X,0
1402,2019_1261_1396,0.5,2019,1261,1396,3,11,W,W,0
1403,2019_1261_1397,0.5,2019,1261,1397,3,2,W,Z,0
1404,2019_1261_1403,0.5,2019,1261,1403,3,3,W,X,0
1405,2019_1261_1414,0.5,2019,1261,1414,3,13,W,Z,0
1406,2019_1261_1416,0.5,2019,1261,1416,3,9,W,W,0
1407,2019_1261_1429,0.5,2019,1261,1429,3,8,W,Y,0
1408,2019_1261_1433,0.5,2019,1261,1433,3,8,W,W,0
1409,2019_1261_1436,0.5,2019,1261,1436,3,13,W,X,0
1410,2019_1261_1437,0.5,2019,1261,1437,3,6,W,Z,0
1411,2019_1261_1438,0.5,2019,1261,1438,3,1,W,Z,0
1412,2019_1261_1439,0.5,2019,1261,1439,3,4,W,W,0
1413,2019_1261_1449,0.5,2019,1261,1449,3,9,W,Y,0
1414,2019_1261_1458,0.5,2019,1261,1458,3,5,W,Z,0
1415,2019_1261_1459,0.5,2019,1261,1459,3,7,W,Y,0
1416,2019_1261_1463,0.5,2019,1261,1463,3,14,W,W,0
1417,2019_1266_1268,0.5,2019,1266,1268,5,6,X,W,0
1418,2019_1266_1276,0.5,2019,1266,1276,5,2,X,X,0
1419,2019_1266_1277,0.5,2019,1266,1277,5,2,X,W,0
1420,2019_1266_1278,0.5,2019,1266,1278,5,10,X,W,0
1421,2019_1266_1279,0.5,2019,1266,1279,5,8,X,Z,0
1422,2019_1266_1280,0.5,2019,1266,1280,5,5,X,W,0
1423,2019_1266_1285,0.5,2019,1266,1285,5,15,X,X,0
1424,2019_1266_1293,0.5,2019,1266,1293,5,12,X,X,0
1425,2019_1266_1295,0.5,2019,1266,1295,5,16,X,W,0
1426,2019_1266_1297,0.5,2019,1266,1297,5,14,X,X,0
1427,2019_1266_1300,0.5,2019,1266,1300,5,16,X,W,0
1428,2019_1266_1305,0.5,2019,1266,1305,5,7,X,X,0
1429,2019_1266_1308,0.5,2019,1266,1308,5,12,X,Y,0
1430,2019_1266_1314,0.5,2019,1266,1314,5,1,X,Y,0
1431,2019_1266_1318,0.5,2019,1266,1318,5,13,X,Y,0
1432,2019_1266_1326,0.5,2019,1266,1326,5,11,X,Y,0
1433,2019_1266_1328,0.5,2019,1266,1328,5,9,X,Z,0
1434,2019_1266_1330,0.5,2019,1266,1330,5,14,X,Z,0
1435,2019_1266_1332,0.5,2019,1266,1332,5,12,X,Z,0
1436,2019_1266_1341,0.5,2019,1266,1341,5,16,X,X,0
1437,2019_1266_1345,0.5,2019,1266,1345,5,3,X,Z,0
1438,2019_1266_1371,0.5,2019,1266,1371,5,10,X,Y,0
1439,2019_1266_1385,0.5,2019,1266,1385,5,11,X,X,0
1440,2019_1266_1387,0.5,2019,1266,1387,5,13,X,W,0
1441,2019_1266_1388,0.5,2019,1266,1388,5,11,X,Z,0
1442,2019_1266_1393,0.5,2019,1266,1393,5,8,X,X,0
1443,2019_1266_1396,0.5,2019,1266,1396,5,11,X,W,0
1444,2019_1266_1397,0.5,2019,1266,1397,5,2,X,Z,0
1445,2019_1266_1403,0.5,2019,1266,1403,5,3,X,X,0
1446,2019_1266_1414,0.5,2019,1266,1414,5,13,X,Z,0
1447,2019_1266_1416,0.5,2019,1266,1416,5,9,X,W,0
1448,2019_1266_1429,0.5,2019,1266,1429,5,8,X,Y,0
1449,2019_1266_1433,0.5,2019,1266,1433,5,8,X,W,0
1450,2019_1266_1436,0.5,2019,1266,1436,5,13,X,X,0
1451,2019_1266_1437,0.5,2019,1266,1437,5,6,X,Z,0
1452,2019_1266_1438,0.5,2019,1266,1438,5,1,X,Z,0
1453,2019_1266_1439,0.5,2019,1266,1439,5,4,X,W,0
1454,2019_1266_1449,0.5,2019,1266,1449,5,9,X,Y,0
1455,2019_1266_1458,0.5,2019,1266,1458,5,5,X,Z,0
1456,2019_1266_1459,0.5,2019,1266,1459,5,7,X,Y,0
1457,2019_1266_1463,0.5,2019,1266,1463,5,14,X,W,0
1458,2019_1268_1276,0.5,2019,1268,1276,6,2,W,X,0
1459,2019_1268_1277,0.5,2019,1268,1277,6,2,W,W,0
1460,2019_1268_1278,0.5,2019,1268,1278,6,10,W,W,0
1461,2019_1268_1279,0.5,2019,1268,1279,6,8,W,Z,0
1462,2019_1268_1280,0.5,2019,1268,1280,6,5,W,W,0
1463,2019_1268_1285,0.5,2019,1268,1285,6,15,W,X,0
1464,2019_1268_1293,0.5,2019,1268,1293,6,12,W,X,0
1465,2019_1268_1295,0.5,2019,1268,1295,6,16,W,W,0
1466,2019_1268_1297,0.5,2019,1268,1297,6,14,W,X,0
1467,2019_1268_1300,0.5,2019,1268,1300,6,16,W,W,0
1468,2019_1268_1305,0.5,2019,1268,1305,6,7,W,X,0
1469,2019_1268_1308,0.5,2019,1268,1308,6,12,W,Y,0
1470,2019_1268_1314,0.5,2019,1268,1314,6,1,W,Y,0
1471,2019_1268_1318,0.5,2019,1268,1318,6,13,W,Y,0
1472,2019_1268_1326,0.5,2019,1268,1326,6,11,W,Y,0
1473,2019_1268_1328,0.5,2019,1268,1328,6,9,W,Z,0
1474,2019_1268_1330,0.5,2019,1268,1330,6,14,W,Z,0
1475,2019_1268_1332,0.5,2019,1268,1332,6,12,W,Z,0
1476,2019_1268_1341,0.5,2019,1268,1341,6,16,W,X,0
1477,2019_1268_1345,0.5,2019,1268,1345,6,3,W,Z,0
1478,2019_1268_1371,0.5,2019,1268,1371,6,10,W,Y,0
1479,2019_1268_1385,0.5,2019,1268,1385,6,11,W,X,0
1480,2019_1268_1387,0.5,2019,1268,1387,6,13,W,W,0
1481,2019_1268_1388,0.5,2019,1268,1388,6,11,W,Z,0
1482,2019_1268_1393,0.5,2019,1268,1393,6,8,W,X,0
1483,2019_1268_1396,0.5,2019,1268,1396,6,11,W,W,0
1484,2019_1268_1397,0.5,2019,1268,1397,6,2,W,Z,0
1485,2019_1268_1403,0.5,2019,1268,1403,6,3,W,X,0
1486,2019_1268_1414,0.5,2019,1268,1414,6,13,W,Z,0
1487,2019_1268_1416,0.5,2019,1268,1416,6,9,W,W,0
1488,2019_1268_1429,0.5,2019,1268,1429,6,8,W,Y,0
1489,2019_1268_1433,0.5,2019,1268,1433,6,8,W,W,0
1490,2019_1268_1436,0.5,2019,1268,1436,6,13,W,X,0
1491,2019_1268_1437,0.5,2019,1268,1437,6,6,W,Z,0
1492,2019_1268_1438,0.5,2019,1268,1438,6,1,W,Z,0
1493,2019_1268_1439,0.5,2019,1268,1439,6,4,W,W,0
1494,2019_1268_1449,0.5,2019,1268,1449,6,9,W,Y,0
1495,2019_1268_1458,0.5,2019,1268,1458,6,5,W,Z,0
1496,2019_1268_1459,0.5,2019,1268,1459,6,7,W,Y,0
1497,2019_1268_1463,0.5,2019,1268,1463,6,14,W,W,0
1498,2019_1276_1277,0.5,2019,1276,1277,2,2,X,W,0
1499,2019_1276_1278,0.5,2019,1276,1278,2,10,X,W,0
1500,2019_1276_1279,0.5,2019,1276,1279,2,8,X,Z,0
1501,2019_1276_1280,0.5,2019,1276,1280,2,5,X,W,0
1502,2019_1276_1285,0.5,2019,1276,1285,2,15,X,X,0
1503,2019_1276_1293,0.5,2019,1276,1293,2,12,X,X,0
1504,2019_1276_1295,0.5,2019,1276,1295,2,16,X,W,0
1505,2019_1276_1297,0.5,2019,1276,1297,2,14,X,X,0
1506,2019_1276_1300,0.5,2019,1276,1300,2,16,X,W,0
1507,2019_1276_1305,0.5,2019,1276,1305,2,7,X,X,0
1508,2019_1276_1308,0.5,2019,1276,1308,2,12,X,Y,0
1509,2019_1276_1314,0.5,2019,1276,1314,2,1,X,Y,0
1510,2019_1276_1318,0.5,2019,1276,1318,2,13,X,Y,0
1511,2019_1276_1326,0.5,2019,1276,1326,2,11,X,Y,0
1512,2019_1276_1328,0.5,2019,1276,1328,2,9,X,Z,0
1513,2019_1276_1330,0.5,2019,1276,1330,2,14,X,Z,0
1514,2019_1276_1332,0.5,2019,1276,1332,2,12,X,Z,0
1515,2019_1276_1341,0.5,2019,1276,1341,2,16,X,X,0
1516,2019_1276_1345,0.5,2019,1276,1345,2,3,X,Z,0
1517,2019_1276_1371,0.5,2019,1276,1371,2,10,X,Y,0
1518,2019_1276_1385,0.5,2019,1276,1385,2,11,X,X,0
1519,2019_1276_1387,0.5,2019,1276,1387,2,13,X,W,0
1520,2019_1276_1388,0.5,2019,1276,1388,2,11,X,Z,0
1521,2019_1276_1393,0.5,2019,1276,1393,2,8,X,X,0
1522,2019_1276_1396,0.5,2019,1276,1396,2,11,X,W,0
1523,2019_1276_1397,0.5,2019,1276,1397,2,2,X,Z,0
1524,2019_1276_1403,0.5,2019,1276,1403,2,3,X,X,0
1525,2019_1276_1414,0.5,2019,1276,1414,2,13,X,Z,0
1526,2019_1276_1416,0.5,2019,1276,1416,2,9,X,W,0
1527,2019_1276_1429,0.5,2019,1276,1429,2,8,X,Y,0
1528,2019_1276_1433,0.5,2019,1276,1433,2,8,X,W,0
1529,2019_1276_1436,0.5,2019,1276,1436,2,13,X,X,0
1530,2019_1276_1437,0.5,2019,1276,1437,2,6,X,Z,0
1531,2019_1276_1438,0.5,2019,1276,1438,2,1,X,Z,0
1532,2019_1276_1439,0.5,2019,1276,1439,2,4,X,W,0
1533,2019_1276_1449,0.5,2019,1276,1449,2,9,X,Y,0
1534,2019_1276_1458,0.5,2019,1276,1458,2,5,X,Z,0
1535,2019_1276_1459,0.5,2019,1276,1459,2,7,X,Y,0
1536,2019_1276_1463,0.5,2019,1276,1463,2,14,X,W,0
1537,2019_1277_1278,0.5,2019,1277,1278,2,10,W,W,0
1538,2019_1277_1279,0.5,2019,1277,1279,2,8,W,Z,0
1539,2019_1277_1280,0.5,2019,1277,1280,2,5,W,W,0
1540,2019_1277_1285,0.5,2019,1277,1285,2,15,W,X,0
1541,2019_1277_1293,0.5,2019,1277,1293,2,12,W,X,0
1542,2019_1277_1295,0.5,2019,1277,1295,2,16,W,W,0
1543,2019_1277_1297,0.5,2019,1277,1297,2,14,W,X,0
1544,2019_1277_1300,0.5,2019,1277,1300,2,16,W,W,0
1545,2019_1277_1305,0.5,2019,1277,1305,2,7,W,X,0
1546,2019_1277_1308,0.5,2019,1277,1308,2,12,W,Y,0
1547,2019_1277_1314,0.5,2019,1277,1314,2,1,W,Y,0
1548,2019_1277_1318,0.5,2019,1277,1318,2,13,W,Y,0
1549,2019_1277_1326,0.5,2019,1277,1326,2,11,W,Y,0
1550,2019_1277_1328,0.5,2019,1277,1328,2,9,W,Z,0
1551,2019_1277_1330,0.5,2019,1277,1330,2,14,W,Z,0
1552,2019_1277_1332,0.5,2019,1277,1332,2,12,W,Z,0
1553,2019_1277_1341,0.5,2019,1277,1341,2,16,W,X,0
1554,2019_1277_1345,0.5,2019,1277,1345,2,3,W,Z,0
1555,2019_1277_1371,0.5,2019,1277,1371,2,10,W,Y,0
1556,2019_1277_1385,0.5,2019,1277,1385,2,11,W,X,0
1557,2019_1277_1387,0.5,2019,1277,1387,2,13,W,W,0
1558,2019_1277_1388,0.5,2019,1277,1388,2,11,W,Z,0
1559,2019_1277_1393,0.5,2019,1277,1393,2,8,W,X,0
1560,2019_1277_1396,0.5,2019,1277,1396,2,11,W,W,0
1561,2019_1277_1397,0.5,2019,1277,1397,2,2,W,Z,0
1562,2019_1277_1403,0.5,2019,1277,1403,2,3,W,X,0
1563,2019_1277_1414,0.5,2019,1277,1414,2,13,W,Z,0
1564,2019_1277_1416,0.5,2019,1277,1416,2,9,W,W,0
1565,2019_1277_1429,0.5,2019,1277,1429,2,8,W,Y,0
1566,2019_1277_1433,0.5,2019,1277,1433,2,8,W,W,0
1567,2019_1277_1436,0.5,2019,1277,1436,2,13,W,X,0
1568,2019_1277_1437,0.5,2019,1277,1437,2,6,W,Z,0
1569,2019_1277_1438,0.5,2019,1277,1438,2,1,W,Z,0
1570,2019_1277_1439,0.5,2019,1277,1439,2,4,W,W,0
1571,2019_1277_1449,0.5,2019,1277,1449,2,9,W,Y,0
1572,2019_1277_1458,0.5,2019,1277,1458,2,5,W,Z,0
1573,2019_1277_1459,0.5,2019,1277,1459,2,7,W,Y,0
1574,2019_1277_1463,0.5,2019,1277,1463,2,14,W,W,0
1575,2019_1278_1279,0.5,2019,1278,1279,10,8,W,Z,0
1576,2019_1278_1280,0.5,2019,1278,1280,10,5,W,W,0
1577,2019_1278_1285,0.5,2019,1278,1285,10,15,W,X,0
1578,2019_1278_1293,0.5,2019,1278,1293,10,12,W,X,0
1579,2019_1278_1295,0.5,2019,1278,1295,10,16,W,W,0
1580,2019_1278_1297,0.5,2019,1278,1297,10,14,W,X,0
1581,2019_1278_1300,0.5,2019,1278,1300,10,16,W,W,0
1582,2019_1278_1305,0.5,2019,1278,1305,10,7,W,X,0
1583,2019_1278_1308,0.5,2019,1278,1308,10,12,W,Y,0
1584,2019_1278_1314,0.5,2019,1278,1314,10,1,W,Y,0
1585,2019_1278_1318,0.5,2019,1278,1318,10,13,W,Y,0
1586,2019_1278_1326,0.5,2019,1278,1326,10,11,W,Y,0
1587,2019_1278_1328,0.5,2019,1278,1328,10,9,W,Z,0
1588,2019_1278_1330,0.5,2019,1278,1330,10,14,W,Z,0
1589,2019_1278_1332,0.5,2019,1278,1332,10,12,W,Z,0
1590,2019_1278_1341,0.5,2019,1278,1341,10,16,W,X,0
1591,2019_1278_1345,0.5,2019,1278,1345,10,3,W,Z,0
1592,2019_1278_1371,0.5,2019,1278,1371,10,10,W,Y,0
1593,2019_1278_1385,0.5,2019,1278,1385,10,11,W,X,0
1594,2019_1278_1387,0.5,2019,1278,1387,10,13,W,W,0
1595,2019_1278_1388,0.5,2019,1278,1388,10,11,W,Z,0
1596,2019_1278_1393,0.5,2019,1278,1393,10,8,W,X,0
1597,2019_1278_1396,0.5,2019,1278,1396,10,11,W,W,0
1598,2019_1278_1397,0.5,2019,1278,1397,10,2,W,Z,0
1599,2019_1278_1403,0.5,2019,1278,1403,10,3,W,X,0
1600,2019_1278_1414,0.5,2019,1278,1414,10,13,W,Z,0
1601,2019_1278_1416,0.5,2019,1278,1416,10,9,W,W,0
1602,2019_1278_1429,0.5,2019,1278,1429,10,8,W,Y,0
1603,2019_1278_1433,0.5,2019,1278,1433,10,8,W,W,0
1604,2019_1278_1436,0.5,2019,1278,1436,10,13,W,X,0
1605,2019_1278_1437,0.5,2019,1278,1437,10,6,W,Z,0
1606,2019_1278_1438,0.5,2019,1278,1438,10,1,W,Z,0
1607,2019_1278_1439,0.5,2019,1278,1439,10,4,W,W,0
1608,2019_1278_1449,0.5,2019,1278,1449,10,9,W,Y,0
1609,2019_1278_1458,0.5,2019,1278,1458,10,5,W,Z,0
1610,2019_1278_1459,0.5,2019,1278,1459,10,7,W,Y,0
1611,2019_1278_1463,0.5,2019,1278,1463,10,14,W,W,0
1612,2019_1279_1280,0.5,2019,1279,1280,8,5,Z,W,0
1613,2019_1279_1285,0.5,2019,1279,1285,8,15,Z,X,0
1614,2019_1279_1293,0.5,2019,1279,1293,8,12,Z,X,0
1615,2019_1279_1295,0.5,2019,1279,1295,8,16,Z,W,0
1616,2019_1279_1297,0.5,2019,1279,1297,8,14,Z,X,0
1617,2019_1279_1300,0.5,2019,1279,1300,8,16,Z,W,0
1618,2019_1279_1305,0.5,2019,1279,1305,8,7,Z,X,0
1619,2019_1279_1308,0.5,2019,1279,1308,8,12,Z,Y,0
1620,2019_1279_1314,0.5,2019,1279,1314,8,1,Z,Y,0
1621,2019_1279_1318,0.5,2019,1279,1318,8,13,Z,Y,0
1622,2019_1279_1326,0.5,2019,1279,1326,8,11,Z,Y,0
1623,2019_1279_1328,0.5,2019,1279,1328,8,9,Z,Z,0
1624,2019_1279_1330,0.5,2019,1279,1330,8,14,Z,Z,0
1625,2019_1279_1332,0.5,2019,1279,1332,8,12,Z,Z,0
1626,2019_1279_1341,0.5,2019,1279,1341,8,16,Z,X,0
1627,2019_1279_1345,0.5,2019,1279,1345,8,3,Z,Z,0
1628,2019_1279_1371,0.5,2019,1279,1371,8,10,Z,Y,0
1629,2019_1279_1385,0.5,2019,1279,1385,8,11,Z,X,0
1630,2019_1279_1387,0.5,2019,1279,1387,8,13,Z,W,0
1631,2019_1279_1388,0.5,2019,1279,1388,8,11,Z,Z,0
1632,2019_1279_1393,0.5,2019,1279,1393,8,8,Z,X,0
1633,2019_1279_1396,0.5,2019,1279,1396,8,11,Z,W,0
1634,2019_1279_1397,0.5,2019,1279,1397,8,2,Z,Z,0
1635,2019_1279_1403,0.5,2019,1279,1403,8,3,Z,X,0
1636,2019_1279_1414,0.5,2019,1279,1414,8,13,Z,Z,0
1637,2019_1279_1416,0.5,2019,1279,1416,8,9,Z,W,0
1638,2019_1279_1429,0.5,2019,1279,1429,8,8,Z,Y,0
1639,2019_1279_1433,0.5,2019,1279,1433,8,8,Z,W,0
1640,2019_1279_1436,0.5,2019,1279,1436,8,13,Z,X,0
1641,2019_1279_1437,0.5,2019,1279,1437,8,6,Z,Z,0
1642,2019_1279_1438,0.5,2019,1279,1438,8,1,Z,Z,0
1643,2019_1279_1439,0.5,2019,1279,1439,8,4,Z,W,0
1644,2019_1279_1449,0.5,2019,1279,1449,8,9,Z,Y,0
1645,2019_1279_1458,0.5,2019,1279,1458,8,5,Z,Z,0
1646,2019_1279_1459,0.5,2019,1279,1459,8,7,Z,Y,0
1647,2019_1279_1463,0.5,2019,1279,1463,8,14,Z,W,0
1648,2019_1280_1285,0.5,2019,1280,1285,5,15,W,X,0
1649,2019_1280_1293,0.5,2019,1280,1293,5,12,W,X,0
1650,2019_1280_1295,0.5,2019,1280,1295,5,16,W,W,0
1651,2019_1280_1297,0.5,2019,1280,1297,5,14,W,X,0
1652,2019_1280_1300,0.5,2019,1280,1300,5,16,W,W,0
1653,2019_1280_1305,0.5,2019,1280,1305,5,7,W,X,0
1654,2019_1280_1308,0.5,2019,1280,1308,5,12,W,Y,0
1655,2019_1280_1314,0.5,2019,1280,1314,5,1,W,Y,0
1656,2019_1280_1318,0.5,2019,1280,1318,5,13,W,Y,0
1657,2019_1280_1326,0.5,2019,1280,1326,5,11,W,Y,0
1658,2019_1280_1328,0.5,2019,1280,1328,5,9,W,Z,0
1659,2019_1280_1330,0.5,2019,1280,1330,5,14,W,Z,0
1660,2019_1280_1332,0.5,2019,1280,1332,5,12,W,Z,0
1661,2019_1280_1341,0.5,2019,1280,1341,5,16,W,X,0
1662,2019_1280_1345,0.5,2019,1280,1345,5,3,W,Z,0
1663,2019_1280_1371,0.5,2019,1280,1371,5,10,W,Y,0
1664,2019_1280_1385,0.5,2019,1280,1385,5,11,W,X,0
1665,2019_1280_1387,0.5,2019,1280,1387,5,13,W,W,0
1666,2019_1280_1388,0.5,2019,1280,1388,5,11,W,Z,0
1667,2019_1280_1393,0.5,2019,1280,1393,5,8,W,X,0
1668,2019_1280_1396,0.5,2019,1280,1396,5,11,W,W,0
1669,2019_1280_1397,0.5,2019,1280,1397,5,2,W,Z,0
1670,2019_1280_1403,0.5,2019,1280,1403,5,3,W,X,0
1671,2019_1280_1414,0.5,2019,1280,1414,5,13,W,Z,0
1672,2019_1280_1416,0.5,2019,1280,1416,5,9,W,W,0
1673,2019_1280_1429,0.5,2019,1280,1429,5,8,W,Y,0
1674,2019_1280_1433,0.5,2019,1280,1433,5,8,W,W,0
1675,2019_1280_1436,0.5,2019,1280,1436,5,13,W,X,0
1676,2019_1280_1437,0.5,2019,1280,1437,5,6,W,Z,0
1677,2019_1280_1438,0.5,2019,1280,1438,5,1,W,Z,0
1678,2019_1280_1439,0.5,2019,1280,1439,5,4,W,W,0
1679,2019_1280_1449,0.5,2019,1280,1449,5,9,W,Y,0
1680,2019_1280_1458,0.5,2019,1280,1458,5,5,W,Z,0
1681,2019_1280_1459,0.5,2019,1280,1459,5,7,W,Y,0
1682,2019_1280_1463,0.5,2019,1280,1463,5,14,W,W,0
1683,2019_1285_1293,0.5,2019,1285,1293,15,12,X,X,0
1684,2019_1285_1295,0.5,2019,1285,1295,15,16,X,W,0
1685,2019_1285_1297,0.5,2019,1285,1297,15,14,X,X,0
1686,2019_1285_1300,0.5,2019,1285,1300,15,16,X,W,0
1687,2019_1285_1305,0.5,2019,1285,1305,15,7,X,X,0
1688,2019_1285_1308,0.5,2019,1285,1308,15,12,X,Y,0
1689,2019_1285_1314,0.5,2019,1285,1314,15,1,X,Y,0
1690,2019_1285_1318,0.5,2019,1285,1318,15,13,X,Y,0
1691,2019_1285_1326,0.5,2019,1285,1326,15,11,X,Y,0
1692,2019_1285_1328,0.5,2019,1285,1328,15,9,X,Z,0
1693,2019_1285_1330,0.5,2019,1285,1330,15,14,X,Z,0
1694,2019_1285_1332,0.5,2019,1285,1332,15,12,X,Z,0
1695,2019_1285_1341,0.5,2019,1285,1341,15,16,X,X,0
1696,2019_1285_1345,0.5,2019,1285,1345,15,3,X,Z,0
1697,2019_1285_1371,0.5,2019,1285,1371,15,10,X,Y,0
1698,2019_1285_1385,0.5,2019,1285,1385,15,11,X,X,0
1699,2019_1285_1387,0.5,2019,1285,1387,15,13,X,W,0
1700,2019_1285_1388,0.5,2019,1285,1388,15,11,X,Z,0
1701,2019_1285_1393,0.5,2019,1285,1393,15,8,X,X,0
1702,2019_1285_1396,0.5,2019,1285,1396,15,11,X,W,0
1703,2019_1285_1397,0.5,2019,1285,1397,15,2,X,Z,0
1704,2019_1285_1403,0.5,2019,1285,1403,15,3,X,X,0
1705,2019_1285_1414,0.5,2019,1285,1414,15,13,X,Z,0
1706,2019_1285_1416,0.5,2019,1285,1416,15,9,X,W,0
1707,2019_1285_1429,0.5,2019,1285,1429,15,8,X,Y,0
1708,2019_1285_1433,0.5,2019,1285,1433,15,8,X,W,0
1709,2019_1285_1436,0.5,2019,1285,1436,15,13,X,X,0
1710,2019_1285_1437,0.5,2019,1285,1437,15,6,X,Z,0
1711,2019_1285_1438,0.5,2019,1285,1438,15,1,X,Z,0
1712,2019_1285_1439,0.5,2019,1285,1439,15,4,X,W,0
1713,2019_1285_1449,0.5,2019,1285,1449,15,9,X,Y,0
1714,2019_1285_1458,0.5,2019,1285,1458,15,5,X,Z,0
1715,2019_1285_1459,0.5,2019,1285,1459,15,7,X,Y,0
1716,2019_1285_1463,0.5,2019,1285,1463,15,14,X,W,0
1717,2019_1293_1295,0.5,2019,1293,1295,12,16,X,W,0
1718,2019_1293_1297,0.5,2019,1293,1297,12,14,X,X,0
1719,2019_1293_1300,0.5,2019,1293,1300,12,16,X,W,0
1720,2019_1293_1305,0.5,2019,1293,1305,12,7,X,X,0
1721,2019_1293_1308,0.5,2019,1293,1308,12,12,X,Y,0
1722,2019_1293_1314,0.5,2019,1293,1314,12,1,X,Y,0
1723,2019_1293_1318,0.5,2019,1293,1318,12,13,X,Y,0
1724,2019_1293_1326,0.5,2019,1293,1326,12,11,X,Y,0
1725,2019_1293_1328,0.5,2019,1293,1328,12,9,X,Z,0
1726,2019_1293_1330,0.5,2019,1293,1330,12,14,X,Z,0
1727,2019_1293_1332,0.5,2019,1293,1332,12,12,X,Z,0
1728,2019_1293_1341,0.5,2019,1293,1341,12,16,X,X,0
1729,2019_1293_1345,0.5,2019,1293,1345,12,3,X,Z,0
1730,2019_1293_1371,0.5,2019,1293,1371,12,10,X,Y,0
1731,2019_1293_1385,0.5,2019,1293,1385,12,11,X,X,0
1732,2019_1293_1387,0.5,2019,1293,1387,12,13,X,W,0
1733,2019_1293_1388,0.5,2019,1293,1388,12,11,X,Z,0
1734,2019_1293_1393,0.5,2019,1293,1393,12,8,X,X,0
1735,2019_1293_1396,0.5,2019,1293,1396,12,11,X,W,0
1736,2019_1293_1397,0.5,2019,1293,1397,12,2,X,Z,0
1737,2019_1293_1403,0.5,2019,1293,1403,12,3,X,X,0
1738,2019_1293_1414,0.5,2019,1293,1414,12,13,X,Z,0
1739,2019_1293_1416,0.5,2019,1293,1416,12,9,X,W,0
1740,2019_1293_1429,0.5,2019,1293,1429,12,8,X,Y,0
1741,2019_1293_1433,0.5,2019,1293,1433,12,8,X,W,0
1742,2019_1293_1436,0.5,2019,1293,1436,12,13,X,X,0
1743,2019_1293_1437,0.5,2019,1293,1437,12,6,X,Z,0
1744,2019_1293_1438,0.5,2019,1293,1438,12,1,X,Z,0
1745,2019_1293_1439,0.5,2019,1293,1439,12,4,X,W,0
1746,2019_1293_1449,0.5,2019,1293,1449,12,9,X,Y,0
1747,2019_1293_1458,0.5,2019,1293,1458,12,5,X,Z,0
1748,2019_1293_1459,0.5,2019,1293,1459,12,7,X,Y,0
1749,2019_1293_1463,0.5,2019,1293,1463,12,14,X,W,0
1750,2019_1295_1297,0.5,2019,1295,1297,16,14,W,X,0
1751,2019_1295_1300,0.5,2019,1295,1300,16,16,W,W,0
1752,2019_1295_1305,0.5,2019,1295,1305,16,7,W,X,0
1753,2019_1295_1308,0.5,2019,1295,1308,16,12,W,Y,0
1754,2019_1295_1314,0.5,2019,1295,1314,16,1,W,Y,0
1755,2019_1295_1318,0.5,2019,1295,1318,16,13,W,Y,0
1756,2019_1295_1326,0.5,2019,1295,1326,16,11,W,Y,0
1757,2019_1295_1328,0.5,2019,1295,1328,16,9,W,Z,0
1758,2019_1295_1330,0.5,2019,1295,1330,16,14,W,Z,0
1759,2019_1295_1332,0.5,2019,1295,1332,16,12,W,Z,0
1760,2019_1295_1341,0.5,2019,1295,1341,16,16,W,X,0
1761,2019_1295_1345,0.5,2019,1295,1345,16,3,W,Z,0
1762,2019_1295_1371,0.5,2019,1295,1371,16,10,W,Y,0
1763,2019_1295_1385,0.5,2019,1295,1385,16,11,W,X,0
1764,2019_1295_1387,0.5,2019,1295,1387,16,13,W,W,0
1765,2019_1295_1388,0.5,2019,1295,1388,16,11,W,Z,0
1766,2019_1295_1393,0.5,2019,1295,1393,16,8,W,X,0
1767,2019_1295_1396,0.5,2019,1295,1396,16,11,W,W,0
1768,2019_1295_1397,0.5,2019,1295,1397,16,2,W,Z,0
1769,2019_1295_1403,0.5,2019,1295,1403,16,3,W,X,0
1770,2019_1295_1414,0.5,2019,1295,1414,16,13,W,Z,0
1771,2019_1295_1416,0.5,2019,1295,1416,16,9,W,W,0
1772,2019_1295_1429,0.5,2019,1295,1429,16,8,W,Y,0
1773,2019_1295_1433,0.5,2019,1295,1433,16,8,W,W,0
1774,2019_1295_1436,0.5,2019,1295,1436,16,13,W,X,0
1775,2019_1295_1437,0.5,2019,1295,1437,16,6,W,Z,0
1776,2019_1295_1438,0.5,2019,1295,1438,16,1,W,Z,0
1777,2019_1295_1439,0.5,2019,1295,1439,16,4,W,W,0
1778,2019_1295_1449,0.5,2019,1295,1449,16,9,W,Y,0
1779,2019_1295_1458,0.5,2019,1295,1458,16,5,W,Z,0
1780,2019_1295_1459,0.5,2019,1295,1459,16,7,W,Y,0
1781,2019_1295_1463,0.5,2019,1295,1463,16,14,W,W,0
1782,2019_1297_1300,0.5,2019,1297,1300,14,16,X,W,0
1783,2019_1297_1305,0.5,2019,1297,1305,14,7,X,X,0
1784,2019_1297_1308,0.5,2019,1297,1308,14,12,X,Y,0
1785,2019_1297_1314,0.5,2019,1297,1314,14,1,X,Y,0
1786,2019_1297_1318,0.5,2019,1297,1318,14,13,X,Y,0
1787,2019_1297_1326,0.5,2019,1297,1326,14,11,X,Y,0
1788,2019_1297_1328,0.5,2019,1297,1328,14,9,X,Z,0
1789,2019_1297_1330,0.5,2019,1297,1330,14,14,X,Z,0
1790,2019_1297_1332,0.5,2019,1297,1332,14,12,X,Z,0
1791,2019_1297_1341,0.5,2019,1297,1341,14,16,X,X,0
1792,2019_1297_1345,0.5,2019,1297,1345,14,3,X,Z,0
1793,2019_1297_1371,0.5,2019,1297,1371,14,10,X,Y,0
1794,2019_1297_1385,0.5,2019,1297,1385,14,11,X,X,0
1795,2019_1297_1387,0.5,2019,1297,1387,14,13,X,W,0
1796,2019_1297_1388,0.5,2019,1297,1388,14,11,X,Z,0
1797,2019_1297_1393,0.5,2019,1297,1393,14,8,X,X,0
1798,2019_1297_1396,0.5,2019,1297,1396,14,11,X,W,0
1799,2019_1297_1397,0.5,2019,1297,1397,14,2,X,Z,0
1800,2019_1297_1403,0.5,2019,1297,1403,14,3,X,X,0
1801,2019_1297_1414,0.5,2019,1297,1414,14,13,X,Z,0
1802,2019_1297_1416,0.5,2019,1297,1416,14,9,X,W,0
1803,2019_1297_1429,0.5,2019,1297,1429,14,8,X,Y,0
1804,2019_1297_1433,0.5,2019,1297,1433,14,8,X,W,0
1805,2019_1297_1436,0.5,2019,1297,1436,14,13,X,X,0
1806,2019_1297_1437,0.5,2019,1297,1437,14,6,X,Z,0
1807,2019_1297_1438,0.5,2019,1297,1438,14,1,X,Z,0
1808,2019_1297_1439,0.5,2019,1297,1439,14,4,X,W,0
1809,2019_1297_1449,0.5,2019,1297,1449,14,9,X,Y,0
1810,2019_1297_1458,0.5,2019,1297,1458,14,5,X,Z,0
1811,2019_1297_1459,0.5,2019,1297,1459,14,7,X,Y,0
1812,2019_1297_1463,0.5,2019,1297,1463,14,14,X,W,0
1813,2019_1300_1305,0.5,2019,1300,1305,16,7,W,X,0
1814,2019_1300_1308,0.5,2019,1300,1308,16,12,W,Y,0
1815,2019_1300_1314,0.5,2019,1300,1314,16,1,W,Y,0
1816,2019_1300_1318,0.5,2019,1300,1318,16,13,W,Y,0
1817,2019_1300_1326,0.5,2019,1300,1326,16,11,W,Y,0
1818,2019_1300_1328,0.5,2019,1300,1328,16,9,W,Z,0
1819,2019_1300_1330,0.5,2019,1300,1330,16,14,W,Z,0
1820,2019_1300_1332,0.5,2019,1300,1332,16,12,W,Z,0
1821,2019_1300_1341,0.5,2019,1300,1341,16,16,W,X,0
1822,2019_1300_1345,0.5,2019,1300,1345,16,3,W,Z,0
1823,2019_1300_1371,0.5,2019,1300,1371,16,10,W,Y,0
1824,2019_1300_1385,0.5,2019,1300,1385,16,11,W,X,0
1825,2019_1300_1387,0.5,2019,1300,1387,16,13,W,W,0
1826,2019_1300_1388,0.5,2019,1300,1388,16,11,W,Z,0
1827,2019_1300_1393,0.5,2019,1300,1393,16,8,W,X,0
1828,2019_1300_1396,0.5,2019,1300,1396,16,11,W,W,0
1829,2019_1300_1397,0.5,2019,1300,1397,16,2,W,Z,0
1830,2019_1300_1403,0.5,2019,1300,1403,16,3,W,X,0
1831,2019_1300_1414,0.5,2019,1300,1414,16,13,W,Z,0
1832,2019_1300_1416,0.5,2019,1300,1416,16,9,W,W,0
1833,2019_1300_1429,0.5,2019,1300,1429,16,8,W,Y,0
1834,2019_1300_1433,0.5,2019,1300,1433,16,8,W,W,0
1835,2019_1300_1436,0.5,2019,1300,1436,16,13,W,X,0
1836,2019_1300_1437,0.5,2019,1300,1437,16,6,W,Z,0
1837,2019_1300_1438,0.5,2019,1300,1438,16,1,W,Z,0
1838,2019_1300_1439,0.5,2019,1300,1439,16,4,W,W,0
1839,2019_1300_1449,0.5,2019,1300,1449,16,9,W,Y,0
1840,2019_1300_1458,0.5,2019,1300,1458,16,5,W,Z,0
1841,2019_1300_1459,0.5,2019,1300,1459,16,7,W,Y,0
1842,2019_1300_1463,0.5,2019,1300,1463,16,14,W,W,0
1843,2019_1305_1308,0.5,2019,1305,1308,7,12,X,Y,0
1844,2019_1305_1314,0.5,2019,1305,1314,7,1,X,Y,0
1845,2019_1305_1318,0.5,2019,1305,1318,7,13,X,Y,0
1846,2019_1305_1326,0.5,2019,1305,1326,7,11,X,Y,0
1847,2019_1305_1328,0.5,2019,1305,1328,7,9,X,Z,0
1848,2019_1305_1330,0.5,2019,1305,1330,7,14,X,Z,0
1849,2019_1305_1332,0.5,2019,1305,1332,7,12,X,Z,0
1850,2019_1305_1341,0.5,2019,1305,1341,7,16,X,X,0
1851,2019_1305_1345,0.5,2019,1305,1345,7,3,X,Z,0
1852,2019_1305_1371,0.5,2019,1305,1371,7,10,X,Y,0
1853,2019_1305_1385,0.5,2019,1305,1385,7,11,X,X,0
1854,2019_1305_1387,0.5,2019,1305,1387,7,13,X,W,0
1855,2019_1305_1388,0.5,2019,1305,1388,7,11,X,Z,0
1856,2019_1305_1393,0.5,2019,1305,1393,7,8,X,X,0
1857,2019_1305_1396,0.5,2019,1305,1396,7,11,X,W,0
1858,2019_1305_1397,0.5,2019,1305,1397,7,2,X,Z,0
1859,2019_1305_1403,0.5,2019,1305,1403,7,3,X,X,0
1860,2019_1305_1414,0.5,2019,1305,1414,7,13,X,Z,0
1861,2019_1305_1416,0.5,2019,1305,1416,7,9,X,W,0
1862,2019_1305_1429,0.5,2019,1305,1429,7,8,X,Y,0
1863,2019_1305_1433,0.5,2019,1305,1433,7,8,X,W,0
1864,2019_1305_1436,0.5,2019,1305,1436,7,13,X,X,0
1865,2019_1305_1437,0.5,2019,1305,1437,7,6,X,Z,0
1866,2019_1305_1438,0.5,2019,1305,1438,7,1,X,Z,0
1867,2019_1305_1439,0.5,2019,1305,1439,7,4,X,W,0
1868,2019_1305_1449,0.5,2019,1305,1449,7,9,X,Y,0
1869,2019_1305_1458,0.5,2019,1305,1458,7,5,X,Z,0
1870,2019_1305_1459,0.5,2019,1305,1459,7,7,X,Y,0
1871,2019_1305_1463,0.5,2019,1305,1463,7,14,X,W,0
1872,2019_1308_1314,0.5,2019,1308,1314,12,1,Y,Y,0
1873,2019_1308_1318,0.5,2019,1308,1318,12,13,Y,Y,0
1874,2019_1308_1326,0.5,2019,1308,1326,12,11,Y,Y,0
1875,2019_1308_1328,0.5,2019,1308,1328,12,9,Y,Z,0
1876,2019_1308_1330,0.5,2019,1308,1330,12,14,Y,Z,0
1877,2019_1308_1332,0.5,2019,1308,1332,12,12,Y,Z,0
1878,2019_1308_1341,0.5,2019,1308,1341,12,16,Y,X,0
1879,2019_1308_1345,0.5,2019,1308,1345,12,3,Y,Z,0
1880,2019_1308_1371,0.5,2019,1308,1371,12,10,Y,Y,0
1881,2019_1308_1385,0.5,2019,1308,1385,12,11,Y,X,0
1882,2019_1308_1387,0.5,2019,1308,1387,12,13,Y,W,0
1883,2019_1308_1388,0.5,2019,1308,1388,12,11,Y,Z,0
1884,2019_1308_1393,0.5,2019,1308,1393,12,8,Y,X,0
1885,2019_1308_1396,0.5,2019,1308,1396,12,11,Y,W,0
1886,2019_1308_1397,0.5,2019,1308,1397,12,2,Y,Z,0
1887,2019_1308_1403,0.5,2019,1308,1403,12,3,Y,X,0
1888,2019_1308_1414,0.5,2019,1308,1414,12,13,Y,Z,0
1889,2019_1308_1416,0.5,2019,1308,1416,12,9,Y,W,0
1890,2019_1308_1429,0.5,2019,1308,1429,12,8,Y,Y,0
1891,2019_1308_1433,0.5,2019,1308,1433,12,8,Y,W,0
1892,2019_1308_1436,0.5,2019,1308,1436,12,13,Y,X,0
1893,2019_1308_1437,0.5,2019,1308,1437,12,6,Y,Z,0
1894,2019_1308_1438,0.5,2019,1308,1438,12,1,Y,Z,0
1895,2019_1308_1439,0.5,2019,1308,1439,12,4,Y,W,0
1896,2019_1308_1449,0.5,2019,1308,1449,12,9,Y,Y,0
1897,2019_1308_1458,0.5,2019,1308,1458,12,5,Y,Z,0
1898,2019_1308_1459,0.5,2019,1308,1459,12,7,Y,Y,0
1899,2019_1308_1463,0.5,2019,1308,1463,12,14,Y,W,0
1900,2019_1314_1318,0.5,2019,1314,1318,1,13,Y,Y,0
1901,2019_1314_1326,0.5,2019,1314,1326,1,11,Y,Y,0
1902,2019_1314_1328,0.5,2019,1314,1328,1,9,Y,Z,0
1903,2019_1314_1330,0.5,2019,1314,1330,1,14,Y,Z,0
1904,2019_1314_1332,0.5,2019,1314,1332,1,12,Y,Z,0
1905,2019_1314_1341,0.5,2019,1314,1341,1,16,Y,X,0
1906,2019_1314_1345,0.5,2019,1314,1345,1,3,Y,Z,0
1907,2019_1314_1371,0.5,2019,1314,1371,1,10,Y,Y,0
1908,2019_1314_1385,0.5,2019,1314,1385,1,11,Y,X,0
1909,2019_1314_1387,0.5,2019,1314,1387,1,13,Y,W,0
1910,2019_1314_1388,0.5,2019,1314,1388,1,11,Y,Z,0
1911,2019_1314_1393,0.5,2019,1314,1393,1,8,Y,X,0
1912,2019_1314_1396,0.5,2019,1314,1396,1,11,Y,W,0
1913,2019_1314_1397,0.5,2019,1314,1397,1,2,Y,Z,0
1914,2019_1314_1403,0.5,2019,1314,1403,1,3,Y,X,0
1915,2019_1314_1414,0.5,2019,1314,1414,1,13,Y,Z,0
1916,2019_1314_1416,0.5,2019,1314,1416,1,9,Y,W,0
1917,2019_1314_1429,0.5,2019,1314,1429,1,8,Y,Y,0
1918,2019_1314_1433,0.5,2019,1314,1433,1,8,Y,W,0
1919,2019_1314_1436,0.5,2019,1314,1436,1,13,Y,X,0
1920,2019_1314_1437,0.5,2019,1314,1437,1,6,Y,Z,0
1921,2019_1314_1438,0.5,2019,1314,1438,1,1,Y,Z,0
1922,2019_1314_1439,0.5,2019,1314,1439,1,4,Y,W,0
1923,2019_1314_1449,0.5,2019,1314,1449,1,9,Y,Y,0
1924,2019_1314_1458,0.5,2019,1314,1458,1,5,Y,Z,0
1925,2019_1314_1459,0.5,2019,1314,1459,1,7,Y,Y,0
1926,2019_1314_1463,0.5,2019,1314,1463,1,14,Y,W,0
1927,2019_1318_1326,0.5,2019,1318,1326,13,11,Y,Y,0
1928,2019_1318_1328,0.5,2019,1318,1328,13,9,Y,Z,0
1929,2019_1318_1330,0.5,2019,1318,1330,13,14,Y,Z,0
1930,2019_1318_1332,0.5,2019,1318,1332,13,12,Y,Z,0
1931,2019_1318_1341,0.5,2019,1318,1341,13,16,Y,X,0
1932,2019_1318_1345,0.5,2019,1318,1345,13,3,Y,Z,0
1933,2019_1318_1371,0.5,2019,1318,1371,13,10,Y,Y,0
1934,2019_1318_1385,0.5,2019,1318,1385,13,11,Y,X,0
1935,2019_1318_1387,0.5,2019,1318,1387,13,13,Y,W,0
1936,2019_1318_1388,0.5,2019,1318,1388,13,11,Y,Z,0
1937,2019_1318_1393,0.5,2019,1318,1393,13,8,Y,X,0
1938,2019_1318_1396,0.5,2019,1318,1396,13,11,Y,W,0
1939,2019_1318_1397,0.5,2019,1318,1397,13,2,Y,Z,0
1940,2019_1318_1403,0.5,2019,1318,1403,13,3,Y,X,0
1941,2019_1318_1414,0.5,2019,1318,1414,13,13,Y,Z,0
1942,2019_1318_1416,0.5,2019,1318,1416,13,9,Y,W,0
1943,2019_1318_1429,0.5,2019,1318,1429,13,8,Y,Y,0
1944,2019_1318_1433,0.5,2019,1318,1433,13,8,Y,W,0
1945,2019_1318_1436,0.5,2019,1318,1436,13,13,Y,X,0
1946,2019_1318_1437,0.5,2019,1318,1437,13,6,Y,Z,0
1947,2019_1318_1438,0.5,2019,1318,1438,13,1,Y,Z,0
1948,2019_1318_1439,0.5,2019,1318,1439,13,4,Y,W,0
1949,2019_1318_1449,0.5,2019,1318,1449,13,9,Y,Y,0
1950,2019_1318_1458,0.5,2019,1318,1458,13,5,Y,Z,0
1951,2019_1318_1459,0.5,2019,1318,1459,13,7,Y,Y,0
1952,2019_1318_1463,0.5,2019,1318,1463,13,14,Y,W,0
1953,2019_1326_1328,0.5,2019,1326,1328,11,9,Y,Z,0
1954,2019_1326_1330,0.5,2019,1326,1330,11,14,Y,Z,0
1955,2019_1326_1332,0.5,2019,1326,1332,11,12,Y,Z,0
1956,2019_1326_1341,0.5,2019,1326,1341,11,16,Y,X,0
1957,2019_1326_1345,0.5,2019,1326,1345,11,3,Y,Z,0
1958,2019_1326_1371,0.5,2019,1326,1371,11,10,Y,Y,0
1959,2019_1326_1385,0.5,2019,1326,1385,11,11,Y,X,0
1960,2019_1326_1387,0.5,2019,1326,1387,11,13,Y,W,0
1961,2019_1326_1388,0.5,2019,1326,1388,11,11,Y,Z,0
1962,2019_1326_1393,0.5,2019,1326,1393,11,8,Y,X,0
1963,2019_1326_1396,0.5,2019,1326,1396,11,11,Y,W,0
1964,2019_1326_1397,0.5,2019,1326,1397,11,2,Y,Z,0
1965,2019_1326_1403,0.5,2019,1326,1403,11,3,Y,X,0
1966,2019_1326_1414,0.5,2019,1326,1414,11,13,Y,Z,0
1967,2019_1326_1416,0.5,2019,1326,1416,11,9,Y,W,0
1968,2019_1326_1429,0.5,2019,1326,1429,11,8,Y,Y,0
1969,2019_1326_1433,0.5,2019,1326,1433,11,8,Y,W,0
1970,2019_1326_1436,0.5,2019,1326,1436,11,13,Y,X,0
1971,2019_1326_1437,0.5,2019,1326,1437,11,6,Y,Z,0
1972,2019_1326_1438,0.5,2019,1326,1438,11,1,Y,Z,0
1973,2019_1326_1439,0.5,2019,1326,1439,11,4,Y,W,0
1974,2019_1326_1449,0.5,2019,1326,1449,11,9,Y,Y,0
1975,2019_1326_1458,0.5,2019,1326,1458,11,5,Y,Z,0
1976,2019_1326_1459,0.5,2019,1326,1459,11,7,Y,Y,0
1977,2019_1326_1463,0.5,2019,1326,1463,11,14,Y,W,0
1978,2019_1328_1330,0.5,2019,1328,1330,9,14,Z,Z,0
1979,2019_1328_1332,0.5,2019,1328,1332,9,12,Z,Z,0
1980,2019_1328_1341,0.5,2019,1328,1341,9,16,Z,X,0
1981,2019_1328_1345,0.5,2019,1328,1345,9,3,Z,Z,0
1982,2019_1328_1371,0.5,2019,1328,1371,9,10,Z,Y,0
1983,2019_1328_1385,0.5,2019,1328,1385,9,11,Z,X,0
1984,2019_1328_1387,0.5,2019,1328,1387,9,13,Z,W,0
1985,2019_1328_1388,0.5,2019,1328,1388,9,11,Z,Z,0
1986,2019_1328_1393,0.5,2019,1328,1393,9,8,Z,X,0
1987,2019_1328_1396,0.5,2019,1328,1396,9,11,Z,W,0
1988,2019_1328_1397,0.5,2019,1328,1397,9,2,Z,Z,0
1989,2019_1328_1403,0.5,2019,1328,1403,9,3,Z,X,0
1990,2019_1328_1414,0.5,2019,1328,1414,9,13,Z,Z,0
1991,2019_1328_1416,0.5,2019,1328,1416,9,9,Z,W,0
1992,2019_1328_1429,0.5,2019,1328,1429,9,8,Z,Y,0
1993,2019_1328_1433,0.5,2019,1328,1433,9,8,Z,W,0
1994,2019_1328_1436,0.5,2019,1328,1436,9,13,Z,X,0
1995,2019_1328_1437,0.5,2019,1328,1437,9,6,Z,Z,0
1996,2019_1328_1438,0.5,2019,1328,1438,9,1,Z,Z,0
1997,2019_1328_1439,0.5,2019,1328,1439,9,4,Z,W,0
1998,2019_1328_1449,0.5,2019,1328,1449,9,9,Z,Y,0
1999,2019_1328_1458,0.5,2019,1328,1458,9,5,Z,Z,0
2000,2019_1328_1459,0.5,2019,1328,1459,9,7,Z,Y,0
2001,2019_1328_1463,0.5,2019,1328,1463,9,14,Z,W,0
2002,2019_1330_1332,0.5,2019,1330,1332,14,12,Z,Z,0
2003,2019_1330_1341,0.5,2019,1330,1341,14,16,Z,X,0
2004,2019_1330_1345,0.5,2019,1330,1345,14,3,Z,Z,0
2005,2019_1330_1371,0.5,2019,1330,1371,14,10,Z,Y,0
2006,2019_1330_1385,0.5,2019,1330,1385,14,11,Z,X,0
2007,2019_1330_1387,0.5,2019,1330,1387,14,13,Z,W,0
2008,2019_1330_1388,0.5,2019,1330,1388,14,11,Z,Z,0
2009,2019_1330_1393,0.5,2019,1330,1393,14,8,Z,X,0
2010,2019_1330_1396,0.5,2019,1330,1396,14,11,Z,W,0
2011,2019_1330_1397,0.5,2019,1330,1397,14,2,Z,Z,0
2012,2019_1330_1403,0.5,2019,1330,1403,14,3,Z,X,0
2013,2019_1330_1414,0.5,2019,1330,1414,14,13,Z,Z,0
2014,2019_1330_1416,0.5,2019,1330,1416,14,9,Z,W,0
2015,2019_1330_1429,0.5,2019,1330,1429,14,8,Z,Y,0
2016,2019_1330_1433,0.5,2019,1330,1433,14,8,Z,W,0
2017,2019_1330_1436,0.5,2019,1330,1436,14,13,Z,X,0
2018,2019_1330_1437,0.5,2019,1330,1437,14,6,Z,Z,0
2019,2019_1330_1438,0.5,2019,1330,1438,14,1,Z,Z,0
2020,2019_1330_1439,0.5,2019,1330,1439,14,4,Z,W,0
2021,2019_1330_1449,0.5,2019,1330,1449,14,9,Z,Y,0
2022,2019_1330_1458,0.5,2019,1330,1458,14,5,Z,Z,0
2023,2019_1330_1459,0.5,2019,1330,1459,14,7,Z,Y,0
2024,2019_1330_1463,0.5,2019,1330,1463,14,14,Z,W,0
2025,2019_1332_1341,0.5,2019,1332,1341,12,16,Z,X,0
2026,2019_1332_1345,0.5,2019,1332,1345,12,3,Z,Z,0
2027,2019_1332_1371,0.5,2019,1332,1371,12,10,Z,Y,0
2028,2019_1332_1385,0.5,2019,1332,1385,12,11,Z,X,0
2029,2019_1332_1387,0.5,2019,1332,1387,12,13,Z,W,0
2030,2019_1332_1388,0.5,2019,1332,1388,12,11,Z,Z,0
2031,2019_1332_1393,0.5,2019,1332,1393,12,8,Z,X,0
2032,2019_1332_1396,0.5,2019,1332,1396,12,11,Z,W,0
2033,2019_1332_1397,0.5,2019,1332,1397,12,2,Z,Z,0
2034,2019_1332_1403,0.5,2019,1332,1403,12,3,Z,X,0
2035,2019_1332_1414,0.5,2019,1332,1414,12,13,Z,Z,0
2036,2019_1332_1416,0.5,2019,1332,1416,12,9,Z,W,0
2037,2019_1332_1429,0.5,2019,1332,1429,12,8,Z,Y,0
2038,2019_1332_1433,0.5,2019,1332,1433,12,8,Z,W,0
2039,2019_1332_1436,0.5,2019,1332,1436,12,13,Z,X,0
2040,2019_1332_1437,0.5,2019,1332,1437,12,6,Z,Z,0
2041,2019_1332_1438,0.5,2019,1332,1438,12,1,Z,Z,0
2042,2019_1332_1439,0.5,2019,1332,1439,12,4,Z,W,0
2043,2019_1332_1449,0.5,2019,1332,1449,12,9,Z,Y,0
2044,2019_1332_1458,0.5,2019,1332,1458,12,5,Z,Z,0
2045,2019_1332_1459,0.5,2019,1332,1459,12,7,Z,Y,0
2046,2019_1332_1463,0.5,2019,1332,1463,12,14,Z,W,0
2047,2019_1341_1345,0.5,2019,1341,1345,16,3,X,Z,0
2048,2019_1341_1371,0.5,2019,1341,1371,16,10,X,Y,0
2049,2019_1341_1385,0.5,2019,1341,1385,16,11,X,X,0
2050,2019_1341_1387,0.5,2019,1341,1387,16,13,X,W,0
2051,2019_1341_1388,0.5,2019,1341,1388,16,11,X,Z,0
2052,2019_1341_1393,0.5,2019,1341,1393,16,8,X,X,0
2053,2019_1341_1396,0.5,2019,1341,1396,16,11,X,W,0
2054,2019_1341_1397,0.5,2019,1341,1397,16,2,X,Z,0
2055,2019_1341_1403,0.5,2019,1341,1403,16,3,X,X,0
2056,2019_1341_1414,0.5,2019,1341,1414,16,13,X,Z,0
2057,2019_1341_1416,0.5,2019,1341,1416,16,9,X,W,0
2058,2019_1341_1429,0.5,2019,1341,1429,16,8,X,Y,0
2059,2019_1341_1433,0.5,2019,1341,1433,16,8,X,W,0
2060,2019_1341_1436,0.5,2019,1341,1436,16,13,X,X,0
2061,2019_1341_1437,0.5,2019,1341,1437,16,6,X,Z,0
2062,2019_1341_1438,0.5,2019,1341,1438,16,1,X,Z,0
2063,2019_1341_1439,0.5,2019,1341,1439,16,4,X,W,0
2064,2019_1341_1449,0.5,2019,1341,1449,16,9,X,Y,0
2065,2019_1341_1458,0.5,2019,1341,1458,16,5,X,Z,0
2066,2019_1341_1459,0.5,2019,1341,1459,16,7,X,Y,0
2067,2019_1341_1463,0.5,2019,1341,1463,16,14,X,W,0
2068,2019_1345_1371,0.5,2019,1345,1371,3,10,Z,Y,0
2069,2019_1345_1385,0.5,2019,1345,1385,3,11,Z,X,0
2070,2019_1345_1387,0.5,2019,1345,1387,3,13,Z,W,0
2071,2019_1345_1388,0.5,2019,1345,1388,3,11,Z,Z,0
2072,2019_1345_1393,0.5,2019,1345,1393,3,8,Z,X,0
2073,2019_1345_1396,0.5,2019,1345,1396,3,11,Z,W,0
2074,2019_1345_1397,0.5,2019,1345,1397,3,2,Z,Z,0
2075,2019_1345_1403,0.5,2019,1345,1403,3,3,Z,X,0
2076,2019_1345_1414,0.5,2019,1345,1414,3,13,Z,Z,0
2077,2019_1345_1416,0.5,2019,1345,1416,3,9,Z,W,0
2078,2019_1345_1429,0.5,2019,1345,1429,3,8,Z,Y,0
2079,2019_1345_1433,0.5,2019,1345,1433,3,8,Z,W,0
2080,2019_1345_1436,0.5,2019,1345,1436,3,13,Z,X,0
2081,2019_1345_1437,0.5,2019,1345,1437,3,6,Z,Z,0
2082,2019_1345_1438,0.5,2019,1345,1438,3,1,Z,Z,0
2083,2019_1345_1439,0.5,2019,1345,1439,3,4,Z,W,0
2084,2019_1345_1449,0.5,2019,1345,1449,3,9,Z,Y,0
2085,2019_1345_1458,0.5,2019,1345,1458,3,5,Z,Z,0
2086,2019_1345_1459,0.5,2019,1345,1459,3,7,Z,Y,0
2087,2019_1345_1463,0.5,2019,1345,1463,3,14,Z,W,0
2088,2019_1371_1385,0.5,2019,1371,1385,10,11,Y,X,0
2089,2019_1371_1387,0.5,2019,1371,1387,10,13,Y,W,0
2090,2019_1371_1388,0.5,2019,1371,1388,10,11,Y,Z,0
2091,2019_1371_1393,0.5,2019,1371,1393,10,8,Y,X,0
2092,2019_1371_1396,0.5,2019,1371,1396,10,11,Y,W,0
2093,2019_1371_1397,0.5,2019,1371,1397,10,2,Y,Z,0
2094,2019_1371_1403,0.5,2019,1371,1403,10,3,Y,X,0
2095,2019_1371_1414,0.5,2019,1371,1414,10,13,Y,Z,0
2096,2019_1371_1416,0.5,2019,1371,1416,10,9,Y,W,0
2097,2019_1371_1429,0.5,2019,1371,1429,10,8,Y,Y,0
2098,2019_1371_1433,0.5,2019,1371,1433,10,8,Y,W,0
2099,2019_1371_1436,0.5,2019,1371,1436,10,13,Y,X,0
2100,2019_1371_1437,0.5,2019,1371,1437,10,6,Y,Z,0
2101,2019_1371_1438,0.5,2019,1371,1438,10,1,Y,Z,0
2102,2019_1371_1439,0.5,2019,1371,1439,10,4,Y,W,0
2103,2019_1371_1449,0.5,2019,1371,1449,10,9,Y,Y,0
2104,2019_1371_1458,0.5,2019,1371,1458,10,5,Y,Z,0
2105,2019_1371_1459,0.5,2019,1371,1459,10,7,Y,Y,0
2106,2019_1371_1463,0.5,2019,1371,1463,10,14,Y,W,0
2107,2019_1385_1387,0.5,2019,1385,1387,11,13,X,W,0
2108,2019_1385_1388,0.5,2019,1385,1388,11,11,X,Z,0
2109,2019_1385_1393,0.5,2019,1385,1393,11,8,X,X,0
2110,2019_1385_1396,0.5,2019,1385,1396,11,11,X,W,0
2111,2019_1385_1397,0.5,2019,1385,1397,11,2,X,Z,0
2112,2019_1385_1403,0.5,2019,1385,1403,11,3,X,X,0
2113,2019_1385_1414,0.5,2019,1385,1414,11,13,X,Z,0
2114,2019_1385_1416,0.5,2019,1385,1416,11,9,X,W,0
2115,2019_1385_1429,0.5,2019,1385,1429,11,8,X,Y,0
2116,2019_1385_1433,0.5,2019,1385,1433,11,8,X,W,0
2117,2019_1385_1436,0.5,2019,1385,1436,11,13,X,X,0
2118,2019_1385_1437,0.5,2019,1385,1437,11,6,X,Z,0
2119,2019_1385_1438,0.5,2019,1385,1438,11,1,X,Z,0
2120,2019_1385_1439,0.5,2019,1385,1439,11,4,X,W,0
2121,2019_1385_1449,0.5,2019,1385,1449,11,9,X,Y,0
2122,2019_1385_1458,0.5,2019,1385,1458,11,5,X,Z,0
2123,2019_1385_1459,0.5,2019,1385,1459,11,7,X,Y,0
2124,2019_1385_1463,0.5,2019,1385,1463,11,14,X,W,0
2125,2019_1387_1388,0.5,2019,1387,1388,13,11,W,Z,0
2126,2019_1387_1393,0.5,2019,1387,1393,13,8,W,X,0
2127,2019_1387_1396,0.5,2019,1387,1396,13,11,W,W,0
2128,2019_1387_1397,0.5,2019,1387,1397,13,2,W,Z,0
2129,2019_1387_1403,0.5,2019,1387,1403,13,3,W,X,0
2130,2019_1387_1414,0.5,2019,1387,1414,13,13,W,Z,0
2131,2019_1387_1416,0.5,2019,1387,1416,13,9,W,W,0
2132,2019_1387_1429,0.5,2019,1387,1429,13,8,W,Y,0
2133,2019_1387_1433,0.5,2019,1387,1433,13,8,W,W,0
2134,2019_1387_1436,0.5,2019,1387,1436,13,13,W,X,0
2135,2019_1387_1437,0.5,2019,1387,1437,13,6,W,Z,0
2136,2019_1387_1438,0.5,2019,1387,1438,13,1,W,Z,0
2137,2019_1387_1439,0.5,2019,1387,1439,13,4,W,W,0
2138,2019_1387_1449,0.5,2019,1387,1449,13,9,W,Y,0
2139,2019_1387_1458,0.5,2019,1387,1458,13,5,W,Z,0
2140,2019_1387_1459,0.5,2019,1387,1459,13,7,W,Y,0
2141,2019_1387_1463,0.5,2019,1387,1463,13,14,W,W,0
2142,2019_1388_1393,0.5,2019,1388,1393,11,8,Z,X,0
2143,2019_1388_1396,0.5,2019,1388,1396,11,11,Z,W,0
2144,2019_1388_1397,0.5,2019,1388,1397,11,2,Z,Z,0
2145,2019_1388_1403,0.5,2019,1388,1403,11,3,Z,X,0
2146,2019_1388_1414,0.5,2019,1388,1414,11,13,Z,Z,0
2147,2019_1388_1416,0.5,2019,1388,1416,11,9,Z,W,0
2148,2019_1388_1429,0.5,2019,1388,1429,11,8,Z,Y,0
2149,2019_1388_1433,0.5,2019,1388,1433,11,8,Z,W,0
2150,2019_1388_1436,0.5,2019,1388,1436,11,13,Z,X,0
2151,2019_1388_1437,0.5,2019,1388,1437,11,6,Z,Z,0
2152,2019_1388_1438,0.5,2019,1388,1438,11,1,Z,Z,0
2153,2019_1388_1439,0.5,2019,1388,1439,11,4,Z,W,0
2154,2019_1388_1449,0.5,2019,1388,1449,11,9,Z,Y,0
2155,2019_1388_1458,0.5,2019,1388,1458,11,5,Z,Z,0
2156,2019_1388_1459,0.5,2019,1388,1459,11,7,Z,Y,0
2157,2019_1388_1463,0.5,2019,1388,1463,11,14,Z,W,0
2158,2019_1393_1396,0.5,2019,1393,1396,8,11,X,W,0
2159,2019_1393_1397,0.5,2019,1393,1397,8,2,X,Z,0
2160,2019_1393_1403,0.5,2019,1393,1403,8,3,X,X,0
2161,2019_1393_1414,0.5,2019,1393,1414,8,13,X,Z,0
2162,2019_1393_1416,0.5,2019,1393,1416,8,9,X,W,0
2163,2019_1393_1429,0.5,2019,1393,1429,8,8,X,Y,0
2164,2019_1393_1433,0.5,2019,1393,1433,8,8,X,W,0
2165,2019_1393_1436,0.5,2019,1393,1436,8,13,X,X,0
2166,2019_1393_1437,0.5,2019,1393,1437,8,6,X,Z,0
2167,2019_1393_1438,0.5,2019,1393,1438,8,1,X,Z,0
2168,2019_1393_1439,0.5,2019,1393,1439,8,4,X,W,0
2169,2019_1393_1449,0.5,2019,1393,1449,8,9,X,Y,0
2170,2019_1393_1458,0.5,2019,1393,1458,8,5,X,Z,0
2171,2019_1393_1459,0.5,2019,1393,1459,8,7,X,Y,0
2172,2019_1393_1463,0.5,2019,1393,1463,8,14,X,W,0
2173,2019_1396_1397,0.5,2019,1396,1397,11,2,W,Z,0
2174,2019_1396_1403,0.5,2019,1396,1403,11,3,W,X,0
2175,2019_1396_1414,0.5,2019,1396,1414,11,13,W,Z,0
2176,2019_1396_1416,0.5,2019,1396,1416,11,9,W,W,0
2177,2019_1396_1429,0.5,2019,1396,1429,11,8,W,Y,0
2178,2019_1396_1433,0.5,2019,1396,1433,11,8,W,W,0
2179,2019_1396_1436,0.5,2019,1396,1436,11,13,W,X,0
2180,2019_1396_1437,0.5,2019,1396,1437,11,6,W,Z,0
2181,2019_1396_1438,0.5,2019,1396,1438,11,1,W,Z,0
2182,2019_1396_1439,0.5,2019,1396,1439,11,4,W,W,0
2183,2019_1396_1449,0.5,2019,1396,1449,11,9,W,Y,0
2184,2019_1396_1458,0.5,2019,1396,1458,11,5,W,Z,0
2185,2019_1396_1459,0.5,2019,1396,1459,11,7,W,Y,0
2186,2019_1396_1463,0.5,2019,1396,1463,11,14,W,W,0
2187,2019_1397_1403,0.5,2019,1397,1403,2,3,Z,X,0
2188,2019_1397_1414,0.5,2019,1397,1414,2,13,Z,Z,0
2189,2019_1397_1416,0.5,2019,1397,1416,2,9,Z,W,0
2190,2019_1397_1429,0.5,2019,1397,1429,2,8,Z,Y,0
2191,2019_1397_1433,0.5,2019,1397,1433,2,8,Z,W,0
2192,2019_1397_1436,0.5,2019,1397,1436,2,13,Z,X,0
2193,2019_1397_1437,0.5,2019,1397,1437,2,6,Z,Z,0
2194,2019_1397_1438,0.5,2019,1397,1438,2,1,Z,Z,0
2195,2019_1397_1439,0.5,2019,1397,1439,2,4,Z,W,0
2196,2019_1397_1449,0.5,2019,1397,1449,2,9,Z,Y,0
2197,2019_1397_1458,0.5,2019,1397,1458,2,5,Z,Z,0
2198,2019_1397_1459,0.5,2019,1397,1459,2,7,Z,Y,0
2199,2019_1397_1463,0.5,2019,1397,1463,2,14,Z,W,0
2200,2019_1403_1414,0.5,2019,1403,1414,3,13,X,Z,0
2201,2019_1403_1416,0.5,2019,1403,1416,3,9,X,W,0
2202,2019_1403_1429,0.5,2019,1403,1429,3,8,X,Y,0
2203,2019_1403_1433,0.5,2019,1403,1433,3,8,X,W,0
2204,2019_1403_1436,0.5,2019,1403,1436,3,13,X,X,0
2205,2019_1403_1437,0.5,2019,1403,1437,3,6,X,Z,0
2206,2019_1403_1438,0.5,2019,1403,1438,3,1,X,Z,0
2207,2019_1403_1439,0.5,2019,1403,1439,3,4,X,W,0
2208,2019_1403_1449,0.5,2019,1403,1449,3,9,X,Y,0
2209,2019_1403_1458,0.5,2019,1403,1458,3,5,X,Z,0
2210,2019_1403_1459,0.5,2019,1403,1459,3,7,X,Y,0
2211,2019_1403_1463,0.5,2019,1403,1463,3,14,X,W,0
2212,2019_1414_1416,0.5,2019,1414,1416,13,9,Z,W,0
2213,2019_1414_1429,0.5,2019,1414,1429,13,8,Z,Y,0
2214,2019_1414_1433,0.5,2019,1414,1433,13,8,Z,W,0
2215,2019_1414_1436,0.5,2019,1414,1436,13,13,Z,X,0
2216,2019_1414_1437,0.5,2019,1414,1437,13,6,Z,Z,0
2217,2019_1414_1438,0.5,2019,1414,1438,13,1,Z,Z,0
2218,2019_1414_1439,0.5,2019,1414,1439,13,4,Z,W,0
2219,2019_1414_1449,0.5,2019,1414,1449,13,9,Z,Y,0
2220,2019_1414_1458,0.5,2019,1414,1458,13,5,Z,Z,0
2221,2019_1414_1459,0.5,2019,1414,1459,13,7,Z,Y,0
2222,2019_1414_1463,0.5,2019,1414,1463,13,14,Z,W,0
2223,2019_1416_1429,0.5,2019,1416,1429,9,8,W,Y,0
2224,2019_1416_1433,0.5,2019,1416,1433,9,8,W,W,0
2225,2019_1416_1436,0.5,2019,1416,1436,9,13,W,X,0
2226,2019_1416_1437,0.5,2019,1416,1437,9,6,W,Z,0
2227,2019_1416_1438,0.5,2019,1416,1438,9,1,W,Z,0
2228,2019_1416_1439,0.5,2019,1416,1439,9,4,W,W,0
2229,2019_1416_1449,0.5,2019,1416,1449,9,9,W,Y,0
2230,2019_1416_1458,0.5,2019,1416,1458,9,5,W,Z,0
2231,2019_1416_1459,0.5,2019,1416,1459,9,7,W,Y,0
2232,2019_1416_1463,0.5,2019,1416,1463,9,14,W,W,0
2233,2019_1429_1433,0.5,2019,1429,1433,8,8,Y,W,0
2234,2019_1429_1436,0.5,2019,1429,1436,8,13,Y,X,0
2235,2019_1429_1437,0.5,2019,1429,1437,8,6,Y,Z,0
2236,2019_1429_1438,0.5,2019,1429,1438,8,1,Y,Z,0
2237,2019_1429_1439,0.5,2019,1429,1439,8,4,Y,W,0
2238,2019_1429_1449,0.5,2019,1429,1449,8,9,Y,Y,0
2239,2019_1429_1458,0.5,2019,1429,1458,8,5,Y,Z,0
2240,2019_1429_1459,0.5,2019,1429,1459,8,7,Y,Y,0
2241,2019_1429_1463,0.5,2019,1429,1463,8,14,Y,W,0
2242,2019_1433_1436,0.5,2019,1433,1436,8,13,W,X,0
2243,2019_1433_1437,0.5,2019,1433,1437,8,6,W,Z,0
2244,2019_1433_1438,0.5,2019,1433,1438,8,1,W,Z,0
2245,2019_1433_1439,0.5,2019,1433,1439,8,4,W,W,0
2246,2019_1433_1449,0.5,2019,1433,1449,8,9,W,Y,0
2247,2019_1433_1458,0.5,2019,1433,1458,8,5,W,Z,0
2248,2019_1433_1459,0.5,2019,1433,1459,8,7,W,Y,0
2249,2019_1433_1463,0.5,2019,1433,1463,8,14,W,W,0
2250,2019_1436_1437,0.5,2019,1436,1437,13,6,X,Z,0
2251,2019_1436_1438,0.5,2019,1436,1438,13,1,X,Z,0
2252,2019_1436_1439,0.5,2019,1436,1439,13,4,X,W,0
2253,2019_1436_1449,0.5,2019,1436,1449,13,9,X,Y,0
2254,2019_1436_1458,0.5,2019,1436,1458,13,5,X,Z,0
2255,2019_1436_1459,0.5,2019,1436,1459,13,7,X,Y,0
2256,2019_1436_1463,0.5,2019,1436,1463,13,14,X,W,0
2257,2019_1437_1438,0.5,2019,1437,1438,6,1,Z,Z,0
2258,2019_1437_1439,0.5,2019,1437,1439,6,4,Z,W,0
2259,2019_1437_1449,0.5,2019,1437,1449,6,9,Z,Y,0
2260,2019_1437_1458,0.5,2019,1437,1458,6,5,Z,Z,0
2261,2019_1437_1459,0.5,2019,1437,1459,6,7,Z,Y,0
2262,2019_1437_1463,0.5,2019,1437,1463,6,14,Z,W,0
2263,2019_1438_1439,0.5,2019,1438,1439,1,4,Z,W,0
2264,2019_1438_1449,0.5,2019,1438,1449,1,9,Z,Y,0
2265,2019_1438_1458,0.5,2019,1438,1458,1,5,Z,Z,0
2266,2019_1438_1459,0.5,2019,1438,1459,1,7,Z,Y,0
2267,2019_1438_1463,0.5,2019,1438,1463,1,14,Z,W,0
2268,2019_1439_1449,0.5,2019,1439,1449,4,9,W,Y,0
2269,2019_1439_1458,0.5,2019,1439,1458,4,5,W,Z,0
2270,2019_1439_1459,0.5,2019,1439,1459,4,7,W,Y,0
2271,2019_1439_1463,0.5,2019,1439,1463,4,14,W,W,0
2272,2019_1449_1458,0.5,2019,1449,1458,9,5,Y,Z,0
2273,2019_1449_1459,0.5,2019,1449,1459,9,7,Y,Y,0
2274,2019_1449_1463,0.5,2019,1449,1463,9,14,Y,W,0
2275,2019_1458_1459,0.5,2019,1458,1459,5,7,Z,Y,0
2276,2019_1458_1463,0.5,2019,1458,1463,5,14,Z,W,0
2277,2019_1459_1463,0.5,2019,1459,1463,7,14,Y,W,0
2278,2001_1322_1457,1.0,2001,1322,1457,16,16,Y,Y,1
2279,2001_1130_1381,1.0,2001,1130,1381,3,14,W,W,0
2280,2001_1140_1153,0.0,2001,1140,1153,12,5,X,X,0
2281,2001_1181_1284,1.0,2001,1181,1284,1,16,W,W,0
2282,2001_1116_1207,0.0,2001,1116,1207,7,10,X,X,1
2283,2001_1209_1458,1.0,2001,1209,1458,11,6,X,X,1
2284,2001_1214_1235,1.0,2001,1214,1235,15,2,X,X,1
2285,2001_1166_1234,0.0,2001,1166,1234,10,7,W,W,0
2286,2001_1231_1245,0.0,2001,1231,1245,4,13,X,X,1
2287,2001_1221_1246,0.0,2001,1221,1246,15,2,W,W,0
2288,2001_1206_1268,0.0,2001,1206,1268,14,3,X,X,0
2289,2001_1208_1281,0.0,2001,1208,1281,8,9,W,W,1
2290,2001_1210_1386,0.0,2001,1210,1386,8,9,X,X,1
2291,2001_1390_1422,1.0,2001,1390,1422,1,16,X,X,0
2292,2001_1220_1417,0.0,2001,1220,1417,13,4,W,W,0
2293,2001_1329_1425,0.0,2001,1329,1425,11,6,W,W,0
2294,2001_1326_1429,0.0,2001,1326,1429,5,12,W,W,1
2295,2001_1112_1183,1.0,2001,1112,1183,2,15,Y,Y,0
2296,2001_1139_1448,1.0,2001,1139,1448,10,7,Y,Y,1
2297,2001_1150_1397,1.0,2001,1150,1397,9,8,Y,Y,1
2298,2001_1196_1443,1.0,2001,1196,1443,3,14,Z,Z,0
2299,2001_1143_1201,0.0,2001,1143,1201,8,9,Z,Z,1
2300,2001_1211_1438,1.0,2001,1211,1438,12,5,Z,Z,1
2301,2001_1228_1322,1.0,2001,1228,1322,1,16,Y,Y,0
2302,2001_1232_1328,1.0,2001,1232,1328,13,4,Z,Z,1
2303,2001_1169_1242,0.0,2001,1169,1242,13,4,Y,Y,0
2304,2001_1106_1277,0.0,2001,1106,1277,16,1,Z,Z,0
2305,2001_1233_1279,0.0,2001,1233,1279,14,3,Y,Y,0
2306,2001_1314_1343,1.0,2001,1314,1343,2,15,Z,Z,0
2307,2001_1323_1462,1.0,2001,1323,1462,6,11,Y,Y,0
2308,2001_1336_1344,1.0,2001,1336,1344,7,10,Z,Z,0
2309,2001_1218_1393,0.0,2001,1218,1393,12,5,Y,Y,0
2310,2001_1396_1400,1.0,2001,1396,1400,11,6,Z,Z,1
2311,2001_1153_1245,1.0,2001,1153,1245,5,13,X,X,0
2312,2001_1181_1281,1.0,2001,1181,1281,1,9,W,W,0
2313,2001_1207_1214,1.0,2001,1207,1214,10,15,X,X,0
2314,2001_1234_1246,0.0,2001,1234,1246,7,2,W,W,0
2315,2001_1209_1268,0.0,2001,1209,1268,11,3,X,X,0
2316,2001_1386_1390,0.0,2001,1386,1390,9,1,X,X,0
2317,2001_1417_1429,1.0,2001,1417,1429,4,12,W,W,0
2318,2001_1130_1425,0.0,2001,1130,1425,3,6,W,W,1
2319,2001_1112_1139,1.0,2001,1112,1139,2,10,Y,Y,0
2320,2001_1211_1232,1.0,2001,1211,1232,12,13,Z,Z,0
2321,2001_1150_1228,0.0,2001,1150,1228,9,1,Y,Y,0
2322,2001_1242_1393,1.0,2001,1242,1393,4,5,Y,Y,0
2323,2001_1201_1277,0.0,2001,1201,1277,9,1,Z,Z,0
2324,2001_1279_1323,1.0,2001,1279,1323,3,6,Y,Y,0
2325,2001_1314_1336,0.0,2001,1314,1336,2,7,Z,Z,1
2326,2001_1196_1396,0.0,2001,1196,1396,3,11,Z,Z,1
2327,2001_1181_1417,1.0,2001,1181,1417,1,4,W,W,0
2328,2001_1207_1268,0.0,2001,1207,1268,10,3,X,X,0
2329,2001_1153_1390,0.0,2001,1153,1390,5,1,X,X,0
2330,2001_1246_1425,0.0,2001,1246,1425,2,6,W,W,1
2331,2001_1112_1279,1.0,2001,1112,1279,2,3,Y,Y,0
2332,2001_1228_1242,1.0,2001,1228,1242,1,4,Y,Y,0
2333,2001_1211_1277,0.0,2001,1211,1277,12,1,Z,Z,0
2334,2001_1336_1396,0.0,2001,1336,1396,7,11,Z,Z,1
2335,2001_1181_1425,1.0,2001,1181,1425,1,6,W,W,0
2336,2001_1268_1390,1.0,2001,1268,1390,3,1,X,X,1
2337,2001_1112_1228,1.0,2001,1112,1228,2,1,Y,Y,1
2338,2001_1277_1396,1.0,2001,1277,1396,1,11,Z,Z,0
2339,2001_1112_1277,1.0,2001,1112,1277,2,1,Y,Z,1
2340,2001_1181_1268,1.0,2001,1181,1268,1,3,W,X,0
2341,2001_1112_1181,0.0,2001,1112,1181,2,1,Y,W,0
2342,2002_1108_1373,0.0,2002,1108,1373,16,16,W,W,1
2343,2002_1104_1194,1.0,2002,1104,1194,2,15,Y,Y,0
2344,2002_1112_1364,1.0,2002,1112,1364,3,14,Z,Z,0
2345,2002_1181_1457,1.0,2002,1181,1457,1,16,Y,Y,0
2346,2002_1231_1428,1.0,2002,1231,1428,5,12,Y,Y,0
2347,2002_1221_1242,0.0,2002,1221,1242,16,1,X,X,0
2348,2002_1245_1329,1.0,2002,1245,1329,10,7,Y,Y,1
2349,2002_1246_1434,1.0,2002,1246,1434,4,13,W,W,0
2350,2002_1274_1281,0.0,2002,1274,1281,5,12,Z,Z,1
2351,2002_1150_1323,0.0,2002,1150,1323,9,8,Y,Y,0
2352,2002_1172_1326,0.0,2002,1172,1326,13,4,Z,Z,0
2353,2002_1285_1332,0.0,2002,1285,1332,15,2,X,X,0
2354,2002_1390_1443,1.0,2002,1390,1443,8,9,X,X,0
2355,2002_1266_1409,0.0,2002,1266,1409,5,12,W,W,1
2356,2002_1423_1425,1.0,2002,1423,1425,13,4,Y,Y,1
2357,2002_1337_1448,0.0,2002,1337,1448,10,7,X,X,0
2358,2002_1211_1461,0.0,2002,1211,1461,6,11,Z,Z,1
2359,2002_1143_1335,1.0,2002,1143,1335,6,11,Y,Y,0
2360,2002_1131_1153,0.0,2002,1131,1153,16,1,Z,Z,0
2361,2002_1163_1214,1.0,2002,1163,1214,2,15,W,W,0
2362,2002_1166_1196,1.0,2002,1166,1196,12,5,X,X,1
2363,2002_1208_1293,1.0,2002,1208,1293,3,14,W,W,0
2364,2002_1228_1361,1.0,2002,1228,1361,4,13,X,X,0
2365,2002_1268_1373,1.0,2002,1268,1373,1,16,W,W,0
2366,2002_1270_1280,0.0,2002,1270,1280,14,3,X,X,0
2367,2002_1277_1301,0.0,2002,1277,1301,10,7,W,W,0
2368,2002_1227_1328,0.0,2002,1227,1328,15,2,Z,Z,0
2369,2002_1148_1338,0.0,2002,1148,1338,14,3,Y,Y,0
2370,2002_1356_1403,1.0,2002,1356,1403,11,6,W,W,1
2371,2002_1130_1400,0.0,2002,1130,1400,11,6,X,X,0
2372,2002_1279_1417,0.0,2002,1279,1417,9,8,Z,Z,0
2373,2002_1385_1458,0.0,2002,1385,1458,9,8,W,W,0
2374,2002_1218_1462,0.0,2002,1218,1462,10,7,Z,Z,0
2375,2002_1112_1461,1.0,2002,1112,1461,3,11,Z,Z,0
2376,2002_1181_1323,1.0,2002,1181,1323,1,8,Y,Y,0
2377,2002_1231_1423,1.0,2002,1231,1423,5,13,Y,Y,0
2378,2002_1242_1390,1.0,2002,1242,1390,1,8,X,X,0
2379,2002_1104_1245,0.0,2002,1104,1245,2,10,Y,Y,1
2380,2002_1246_1409,1.0,2002,1246,1409,4,12,W,W,0
2381,2002_1281_1326,1.0,2002,1281,1326,12,4,Z,Z,1
2382,2002_1332_1448,1.0,2002,1332,1448,2,7,X,X,0
2383,2002_1163_1301,1.0,2002,1163,1301,2,7,W,W,0
2384,2002_1166_1228,0.0,2002,1166,1228,12,4,X,X,0
2385,2002_1268_1458,1.0,2002,1268,1458,1,8,W,W,0
2386,2002_1328_1462,1.0,2002,1328,1462,2,7,Z,Z,0
2387,2002_1143_1338,0.0,2002,1143,1338,6,3,Y,Y,0
2388,2002_1208_1356,0.0,2002,1208,1356,3,11,W,W,1
2389,2002_1280_1400,0.0,2002,1280,1400,3,6,X,X,1
2390,2002_1153_1417,0.0,2002,1153,1417,1,8,Z,Z,1
2391,2002_1181_1231,0.0,2002,1181,1231,1,5,Y,Y,1
2392,2002_1245_1338,1.0,2002,1245,1338,10,3,Y,Y,1
2393,2002_1281_1417,1.0,2002,1281,1417,12,8,Z,Z,1
2394,2002_1112_1328,0.0,2002,1112,1328,3,2,Z,Z,0
2395,2002_1163_1356,1.0,2002,1163,1356,2,11,W,W,0
2396,2002_1228_1242,0.0,2002,1228,1242,4,1,X,X,0
2397,2002_1246_1268,0.0,2002,1246,1268,4,1,W,W,0
2398,2002_1332_1400,1.0,2002,1332,1400,2,6,X,X,0
2399,2002_1231_1245,1.0,2002,1231,1245,5,10,Y,Y,0
2400,2002_1281_1328,0.0,2002,1281,1328,12,2,Z,Z,0
2401,2002_1242_1332,1.0,2002,1242,1332,1,2,X,X,0
2402,2002_1163_1268,0.0,2002,1163,1268,2,1,W,W,0
2403,2002_1231_1328,1.0,2002,1231,1328,5,2,Y,Z,1
2404,2002_1242_1268,0.0,2002,1242,1268,1,1,X,W,1
2405,2002_1231_1268,0.0,2002,1231,1268,5,1,Y,W,0
2406,2003_1411_1421,0.0,2003,1411,1421,16,16,X,X,1
2407,2003_1112_1436,1.0,2003,1112,1436,1,16,Z,Z,0
2408,2003_1113_1272,1.0,2003,1113,1272,10,7,Z,Z,1
2409,2003_1141_1166,1.0,2003,1141,1166,11,6,Z,Z,1
2410,2003_1143_1301,1.0,2003,1143,1301,8,9,W,W,0
2411,2003_1140_1163,0.0,2003,1140,1163,12,5,X,X,0
2412,2003_1161_1181,0.0,2003,1161,1181,14,3,Z,Z,0
2413,2003_1153_1211,0.0,2003,1153,1211,8,9,Z,Z,1
2414,2003_1228_1443,1.0,2003,1228,1443,4,13,Z,Z,0
2415,2003_1242_1429,1.0,2003,1242,1429,2,15,Z,Z,0
2416,2003_1221_1266,0.0,2003,1221,1266,14,3,Y,Y,0
2417,2003_1281_1356,1.0,2003,1281,1356,6,11,Y,Y,0
2418,2003_1323_1454,1.0,2003,1323,1454,5,12,Z,Z,0
2419,2003_1328_1354,1.0,2003,1328,1354,1,16,W,W,0
2420,2003_1360_1390,0.0,2003,1360,1390,13,4,X,X,0
2421,2003_1173_1409,0.0,2003,1173,1409,4,13,Y,Y,1
2422,2003_1451_1458,0.0,2003,1451,1458,12,5,Y,Y,0
2423,2003_1120_1386,1.0,2003,1120,1386,10,7,W,W,1
2424,2003_1139_1280,1.0,2003,1139,1280,12,5,W,W,1
2425,2003_1196_1358,1.0,2003,1196,1358,2,15,X,X,0
2426,2003_1104_1231,0.0,2003,1104,1231,10,7,Y,Y,0
2427,2003_1237_1246,0.0,2003,1237,1246,16,1,Y,Y,0
2428,2003_1122_1257,0.0,2003,1122,1257,13,4,W,W,0
2429,2003_1268_1423,1.0,2003,1268,1423,6,11,X,X,0
2430,2003_1160_1277,0.0,2003,1160,1277,10,7,X,X,0
2431,2003_1329_1335,1.0,2003,1329,1335,6,11,W,W,0
2432,2003_1338_1447,1.0,2003,1338,1447,2,15,Y,Y,0
2433,2003_1261_1345,0.0,2003,1261,1345,8,9,X,X,1
2434,2003_1264_1393,0.0,2003,1264,1393,14,3,W,W,0
2435,2003_1400_1421,1.0,2003,1400,1421,1,16,X,X,0
2436,2003_1332_1428,0.0,2003,1332,1428,8,9,Y,Y,1
2437,2003_1190_1448,0.0,2003,1190,1448,15,2,W,W,0
2438,2003_1407_1462,0.0,2003,1407,1462,14,3,X,X,0
2439,2003_1112_1211,1.0,2003,1112,1211,1,9,Z,Z,0
2440,2003_1163_1390,1.0,2003,1163,1390,5,4,X,X,1
2441,2003_1141_1181,0.0,2003,1141,1181,11,3,Z,Z,0
2442,2003_1113_1242,0.0,2003,1113,1242,10,2,Z,Z,0
2443,2003_1266_1281,1.0,2003,1266,1281,3,6,Y,Y,0
2444,2003_1228_1323,0.0,2003,1228,1323,4,5,Z,Z,1
2445,2003_1143_1328,0.0,2003,1143,1328,8,1,W,W,0
2446,2003_1409_1458,0.0,2003,1409,1458,13,5,Y,Y,0
2447,2003_1120_1448,1.0,2003,1120,1448,10,2,W,W,1
2448,2003_1139_1257,1.0,2003,1139,1257,12,4,W,W,1
2449,2003_1246_1428,1.0,2003,1246,1428,1,9,Y,Y,0
2450,2003_1268_1462,1.0,2003,1268,1462,6,3,X,X,1
2451,2003_1196_1277,0.0,2003,1196,1277,2,7,X,X,1
2452,2003_1231_1338,0.0,2003,1231,1338,7,2,Y,Y,0
2453,2003_1329_1393,0.0,2003,1329,1393,6,3,W,W,0
2454,2003_1345_1400,0.0,2003,1345,1400,9,1,X,X,0
2455,2003_1112_1323,1.0,2003,1112,1323,1,5,Z,Z,0
2456,2003_1181_1242,0.0,2003,1181,1242,3,2,Z,Z,0
2457,2003_1246_1458,1.0,2003,1246,1458,1,5,Y,Y,0
2458,2003_1266_1338,1.0,2003,1266,1338,3,2,Y,Y,1
2459,2003_1268_1277,0.0,2003,1268,1277,6,7,X,X,1
2460,2003_1139_1328,0.0,2003,1139,1328,12,1,W,W,0
2461,2003_1120_1393,0.0,2003,1120,1393,10,3,W,W,0
2462,2003_1163_1400,0.0,2003,1163,1400,5,1,X,X,0
2463,2003_1112_1242,0.0,2003,1112,1242,1,2,Z,Z,1
2464,2003_1246_1266,0.0,2003,1246,1266,1,3,Y,Y,1
2465,2003_1328_1393,0.0,2003,1328,1393,1,3,W,W,1
2466,2003_1277_1400,0.0,2003,1277,1400,7,1,X,X,0
2467,2003_1242_1266,1.0,2003,1242,1266,2,3,Z,Y,0
2468,2003_1393_1400,1.0,2003,1393,1400,3,1,W,X,1
2469,2003_1242_1393,0.0,2003,1242,1393,2,3,Z,W,1
2470,2004_1197_1250,1.0,2004,1197,1250,16,16,Z,Z,1
2471,2004_1104_1356,1.0,2004,1104,1356,8,9,X,X,0
2472,2004_1163_1436,1.0,2004,1163,1436,2,15,X,X,0
2473,2004_1173_1177,0.0,2004,1173,1177,10,7,X,X,0
2474,2004_1106_1181,0.0,2004,1106,1181,16,1,W,W,0
2475,2004_1211_1434,1.0,2004,1211,1434,2,15,Z,Z,0
2476,2004_1196_1264,0.0,2004,1196,1264,5,12,Y,Y,1
2477,2004_1268_1431,1.0,2004,1268,1431,4,13,X,X,0
2478,2004_1277_1305,0.0,2004,1277,1305,7,10,Z,Z,1
2479,2004_1102_1314,0.0,2004,1102,1314,11,6,W,W,0
2480,2004_1112_1371,0.0,2004,1112,1371,9,8,W,W,0
2481,2004_1251_1386,0.0,2004,1251,1386,16,1,Y,Y,0
2482,2004_1390_1427,1.0,2004,1390,1427,1,16,X,X,0
2483,2004_1140_1393,0.0,2004,1140,1393,12,5,X,X,0
2484,2004_1343_1400,0.0,2004,1343,1400,14,3,W,W,0
2485,2004_1150_1403,0.0,2004,1150,1403,9,8,Y,Y,0
2486,2004_1433_1448,0.0,2004,1433,1448,13,4,Y,Y,0
2487,2004_1130_1428,1.0,2004,1130,1428,6,11,Z,Z,0
2488,2004_1153_1190,1.0,2004,1153,1190,4,13,W,W,0
2489,2004_1210_1320,1.0,2004,1210,1320,3,14,Z,Z,0
2490,2004_1228_1293,1.0,2004,1228,1293,5,12,W,W,0
2491,2004_1227_1242,0.0,2004,1227,1242,13,4,Z,Z,0
2492,2004_1197_1246,0.0,2004,1197,1246,16,1,Z,Z,0
2493,2004_1272_1376,1.0,2004,1272,1376,7,10,Y,Y,0
2494,2004_1280_1284,1.0,2004,1280,1284,2,15,W,W,0
2495,2004_1301_1418,1.0,2004,1301,1418,3,14,X,X,0
2496,2004_1186_1329,0.0,2004,1186,1329,15,2,Y,Y,0
2497,2004_1334_1344,1.0,2004,1334,1344,12,5,Z,Z,1
2498,2004_1338_1416,1.0,2004,1338,1416,3,14,Y,Y,0
2499,2004_1412_1449,1.0,2004,1412,1449,9,8,Z,Z,1
2500,2004_1435_1444,1.0,2004,1435,1444,6,11,X,X,0
2501,2004_1350_1458,0.0,2004,1350,1458,11,6,Y,Y,0
2502,2004_1257_1462,0.0,2004,1257,1462,10,7,W,W,0
2503,2004_1104_1390,1.0,2004,1104,1390,8,1,X,X,1
2504,2004_1163_1177,1.0,2004,1163,1177,2,7,X,X,0
2505,2004_1181_1371,1.0,2004,1181,1371,1,8,W,W,0
2506,2004_1211_1305,0.0,2004,1211,1305,2,10,Z,Z,1
2507,2004_1386_1403,1.0,2004,1386,1403,1,8,Y,Y,0
2508,2004_1268_1393,0.0,2004,1268,1393,4,5,X,X,1
2509,2004_1314_1400,0.0,2004,1314,1400,6,3,W,W,0
2510,2004_1264_1448,0.0,2004,1264,1448,12,4,Y,Y,0
2511,2004_1130_1210,0.0,2004,1130,1210,6,3,Z,Z,0
2512,2004_1153_1228,0.0,2004,1153,1228,4,5,W,W,1
2513,2004_1242_1334,1.0,2004,1242,1334,4,12,Z,Z,0
2514,2004_1272_1329,0.0,2004,1272,1329,7,2,Y,Y,0
2515,2004_1338_1458,1.0,2004,1338,1458,3,6,Y,Y,0
2516,2004_1246_1412,0.0,2004,1246,1412,1,9,Z,Z,1
2517,2004_1301_1435,0.0,2004,1301,1435,3,6,X,X,1
2518,2004_1280_1462,0.0,2004,1280,1462,2,7,W,W,1
2519,2004_1104_1393,1.0,2004,1104,1393,8,5,X,X,1
2520,2004_1163_1435,1.0,2004,1163,1435,2,6,X,X,0
2521,2004_1329_1338,1.0,2004,1329,1338,2,3,Y,Y,0
2522,2004_1386_1448,1.0,2004,1386,1448,1,4,Y,Y,0
2523,2004_1181_1228,1.0,2004,1181,1228,1,5,W,W,0
2524,2004_1210_1305,1.0,2004,1210,1305,3,10,Z,Z,0
2525,2004_1242_1412,1.0,2004,1242,1412,4,9,Z,Z,0
2526,2004_1400_1462,0.0,2004,1400,1462,3,7,W,W,1
2527,2004_1104_1163,0.0,2004,1104,1163,8,2,X,X,0
2528,2004_1329_1386,1.0,2004,1329,1386,2,1,Y,Y,1
2529,2004_1181_1462,1.0,2004,1181,1462,1,7,W,W,0
2530,2004_1210_1242,1.0,2004,1210,1242,3,4,Z,Z,0
2531,2004_1163_1181,1.0,2004,1163,1181,2,1,X,W,1
2532,2004_1210_1329,1.0,2004,1210,1329,3,2,Z,Y,1
2533,2004_1163_1210,1.0,2004,1163,1210,2,3,X,Z,0
2534,2005_1105_1324,0.0,2005,1105,1324,16,16,Z,Z,1
2535,2005_1112_1429,1.0,2005,1112,1429,3,14,X,X,0
2536,2005_1130_1335,1.0,2005,1130,1335,4,13,X,X,0
2537,2005_1153_1234,1.0,2005,1153,1234,7,10,Y,Y,0
2538,2005_1211_1457,1.0,2005,1211,1457,3,14,W,W,0
2539,2005_1192_1228,0.0,2005,1192,1228,16,1,X,X,0
2540,2005_1184_1246,0.0,2005,1184,1246,15,2,Y,Y,0
2541,2005_1305_1400,1.0,2005,1305,1400,9,8,X,X,1
2542,2005_1310_1328,0.0,2005,1310,1328,14,3,Y,Y,0
2543,2005_1334_1338,1.0,2005,1334,1338,8,9,W,W,0
2544,2005_1403_1417,1.0,2005,1403,1417,6,11,W,W,0
2545,2005_1261_1412,0.0,2005,1261,1412,6,11,X,X,1
2546,2005_1428_1431,1.0,2005,1428,1431,6,11,Y,Y,0
2547,2005_1151_1448,0.0,2005,1151,1448,15,2,W,W,0
2548,2005_1285_1449,0.0,2005,1285,1449,16,1,W,W,0
2549,2005_1166_1452,0.0,2005,1166,1452,10,7,W,W,0
2550,2005_1104_1454,0.0,2005,1104,1454,5,12,X,X,1
2551,2005_1137_1242,1.0,2005,1137,1242,14,3,Z,Z,1
2552,2005_1163_1416,1.0,2005,1163,1416,2,15,Z,Z,0
2553,2005_1175_1181,0.0,2005,1175,1181,16,1,Y,Y,0
2554,2005_1196_1325,1.0,2005,1196,1325,4,13,Z,Z,0
2555,2005_1203_1210,0.0,2005,1203,1210,12,5,W,W,0
2556,2005_1235_1278,1.0,2005,1235,1278,9,8,Z,Z,1
2557,2005_1257_1418,1.0,2005,1257,1418,4,13,W,W,0
2558,2005_1277_1330,1.0,2005,1277,1330,5,12,Y,Y,0
2559,2005_1280_1390,1.0,2005,1280,1390,9,8,Y,Y,1
2560,2005_1150_1301,0.0,2005,1150,1301,7,10,Z,Z,1
2561,2005_1314_1324,1.0,2005,1314,1324,1,16,Z,Z,0
2562,2005_1329_1368,1.0,2005,1329,1368,2,15,X,X,0
2563,2005_1356_1388,1.0,2005,1356,1388,7,10,X,X,0
2564,2005_1393_1436,0.0,2005,1393,1436,4,13,Y,Y,1
2565,2005_1307_1437,0.0,2005,1307,1437,12,5,Z,Z,0
2566,2005_1320_1458,0.0,2005,1320,1458,11,6,Z,Z,0
2567,2005_1112_1412,1.0,2005,1112,1412,3,11,X,X,0
2568,2005_1228_1305,1.0,2005,1228,1305,1,9,X,X,0
2569,2005_1153_1246,0.0,2005,1153,1246,7,2,Y,Y,0
2570,2005_1211_1403,0.0,2005,1211,1403,3,6,W,W,1
2571,2005_1328_1428,0.0,2005,1328,1428,3,6,Y,Y,1
2572,2005_1334_1449,0.0,2005,1334,1449,8,1,W,W,0
2573,2005_1448_1452,0.0,2005,1448,1452,2,7,W,W,1
2574,2005_1130_1454,0.0,2005,1130,1454,4,12,X,X,1
2575,2005_1181_1280,1.0,2005,1181,1280,1,9,Y,Y,0
2576,2005_1210_1257,0.0,2005,1210,1257,5,4,W,W,0
2577,2005_1277_1436,1.0,2005,1277,1436,5,13,Y,Y,0
2578,2005_1163_1301,0.0,2005,1163,1301,2,10,Z,Z,1
2579,2005_1235_1314,0.0,2005,1235,1314,9,1,Z,Z,0
2580,2005_1329_1356,1.0,2005,1329,1356,2,7,X,X,0
2581,2005_1196_1437,0.0,2005,1196,1437,4,5,Z,Z,1
2582,2005_1137_1458,0.0,2005,1137,1458,14,6,Z,Z,0
2583,2005_1112_1329,1.0,2005,1112,1329,3,2,X,X,1
2584,2005_1228_1454,1.0,2005,1228,1454,1,12,X,X,0
2585,2005_1257_1449,1.0,2005,1257,1449,4,1,W,W,1
2586,2005_1403_1452,0.0,2005,1403,1452,6,7,W,W,1
2587,2005_1246_1428,1.0,2005,1246,1428,2,6,Y,Y,0
2588,2005_1181_1277,0.0,2005,1181,1277,1,5,Y,Y,1
2589,2005_1314_1437,1.0,2005,1314,1437,1,5,Z,Z,0
2590,2005_1301_1458,0.0,2005,1301,1458,10,6,Z,Z,0
2591,2005_1112_1228,0.0,2005,1112,1228,3,1,X,X,0
2592,2005_1257_1452,1.0,2005,1257,1452,4,7,W,W,0
2593,2005_1246_1277,0.0,2005,1246,1277,2,5,Y,Y,1
2594,2005_1314_1458,1.0,2005,1314,1458,1,6,Z,Z,0
2595,2005_1228_1257,1.0,2005,1228,1257,1,4,X,W,0
2596,2005_1277_1314,0.0,2005,1277,1314,5,1,Y,Z,0
2597,2005_1228_1314,0.0,2005,1228,1314,1,1,X,Z,1
2598,2006_1214_1284,0.0,2006,1214,1284,16,16,Y,Y,1
2599,2006_1104_1266,1.0,2006,1104,1266,10,7,X,X,1
2600,2006_1130_1334,1.0,2006,1130,1334,4,13,Y,Y,0
2601,2006_1181_1380,1.0,2006,1181,1380,1,16,W,W,0
2602,2006_1196_1375,1.0,2006,1196,1375,3,14,Y,Y,0
2603,2006_1203_1423,1.0,2006,1203,1423,8,9,W,W,0
2604,2006_1211_1462,1.0,2006,1211,1462,3,14,X,X,0
2605,2006_1102_1228,0.0,2006,1102,1228,13,4,Z,Z,0
2606,2006_1231_1361,1.0,2006,1231,1361,6,11,X,X,0
2607,2006_1233_1261,0.0,2006,1233,1261,13,4,W,W,0
2608,2006_1285_1305,1.0,2006,1285,1305,12,5,Y,Y,1
2609,2006_1397_1457,1.0,2006,1397,1457,2,15,Z,Z,0
2610,2006_1393_1401,0.0,2006,1393,1401,5,12,W,W,1
2611,2006_1125_1417,0.0,2006,1125,1417,15,2,X,X,0
2612,2006_1429_1449,0.0,2006,1429,1449,12,5,Z,Z,0
2613,2006_1328_1454,0.0,2006,1328,1454,6,11,Y,Y,1
2614,2006_1371_1455,0.0,2006,1371,1455,10,7,Z,Z,0
2615,2006_1112_1458,1.0,2006,1112,1458,8,9,Y,Y,0
2616,2006_1133_1242,1.0,2006,1133,1242,13,4,X,X,1
2617,2006_1116_1137,0.0,2006,1116,1137,8,9,X,X,1
2618,2006_1107_1163,0.0,2006,1107,1163,16,1,Z,Z,0
2619,2006_1206_1277,1.0,2006,1206,1277,11,6,Z,Z,1
2620,2006_1207_1320,1.0,2006,1207,1320,7,10,Y,Y,0
2621,2006_1246_1412,1.0,2006,1246,1412,8,9,Z,Z,0
2622,2006_1272_1331,1.0,2006,1272,1331,1,16,X,X,0
2623,2006_1143_1301,0.0,2006,1143,1301,7,10,W,W,1
2624,2006_1293_1314,0.0,2006,1293,1314,14,3,Z,Z,0
2625,2006_1234_1322,0.0,2006,1234,1322,3,14,W,W,1
2626,2006_1172_1326,0.0,2006,1172,1326,15,2,Y,Y,0
2627,2006_1245_1338,0.0,2006,1245,1338,12,5,X,X,0
2628,2006_1335_1400,0.0,2006,1335,1400,15,2,W,W,0
2629,2006_1284_1437,0.0,2006,1284,1437,16,1,Y,Y,0
2630,2006_1356_1452,0.0,2006,1356,1452,11,6,W,W,0
2631,2006_1130_1285,1.0,2006,1130,1285,4,12,Y,Y,0
2632,2006_1181_1203,1.0,2006,1181,1203,1,8,W,W,0
2633,2006_1196_1454,1.0,2006,1196,1454,3,11,Y,Y,0
2634,2006_1211_1231,1.0,2006,1211,1231,3,6,X,X,0
2635,2006_1261_1401,1.0,2006,1261,1401,4,12,W,W,0
2636,2006_1104_1417,0.0,2006,1104,1417,10,2,X,X,0
2637,2006_1228_1449,0.0,2006,1228,1449,4,5,Z,Z,1
2638,2006_1397_1455,0.0,2006,1397,1455,2,7,Z,Z,1
2639,2006_1133_1338,1.0,2006,1133,1338,13,5,X,X,1
2640,2006_1163_1246,1.0,2006,1163,1246,1,8,Z,Z,0
2641,2006_1206_1314,1.0,2006,1206,1314,11,3,Z,Z,1
2642,2006_1207_1326,1.0,2006,1207,1326,7,2,Y,Y,1
2643,2006_1137_1272,0.0,2006,1137,1272,9,1,X,X,0
2644,2006_1301_1400,0.0,2006,1301,1400,10,2,W,W,0
2645,2006_1112_1437,0.0,2006,1112,1437,8,1,Y,Y,0
2646,2006_1322_1452,0.0,2006,1322,1452,14,6,W,W,0
2647,2006_1181_1261,0.0,2006,1181,1261,1,4,W,W,1
2648,2006_1133_1272,0.0,2006,1133,1272,13,1,X,X,0
2649,2006_1400_1452,1.0,2006,1400,1452,2,6,W,W,0
2650,2006_1211_1417,0.0,2006,1211,1417,3,2,X,X,0
2651,2006_1163_1449,1.0,2006,1163,1449,1,5,Z,Z,0
2652,2006_1196_1207,1.0,2006,1196,1207,3,7,Y,Y,0
2653,2006_1206_1455,1.0,2006,1206,1455,11,7,Z,Z,1
2654,2006_1130_1437,0.0,2006,1130,1437,4,1,Y,Y,0
2655,2006_1261_1400,1.0,2006,1261,1400,4,2,W,W,1
2656,2006_1272_1417,0.0,2006,1272,1417,1,2,X,X,1
2657,2006_1196_1437,1.0,2006,1196,1437,3,1,Y,Y,1
2658,2006_1163_1206,0.0,2006,1163,1206,1,11,Z,Z,1
2659,2006_1196_1206,1.0,2006,1196,1206,3,11,Y,Z,0
2660,2006_1261_1417,0.0,2006,1261,1417,4,2,W,X,0
2661,2006_1196_1417,1.0,2006,1196,1417,3,2,Y,X,1
2662,2007_1197_1310,0.0,2007,1197,1310,16,16,Z,Z,1
2663,2007_1130_1403,1.0,2007,1130,1403,7,10,W,W,0
2664,2007_1139_1330,1.0,2007,1139,1330,5,12,Y,Y,0
2665,2007_1125_1207,0.0,2007,1125,1207,15,2,W,W,0
2666,2007_1211_1231,0.0,2007,1211,1231,10,7,Z,Z,0
2667,2007_1257_1390,1.0,2007,1257,1390,6,11,X,X,0
2668,2007_1172_1268,0.0,2007,1172,1268,13,4,Y,Y,0
2669,2007_1266_1277,0.0,2007,1266,1277,8,9,W,W,1
2670,2007_1184_1314,0.0,2007,1184,1314,16,1,W,W,0
2671,2007_1148_1326,0.0,2007,1148,1326,16,1,X,X,0
2672,2007_1338_1460,1.0,2007,1338,1460,3,14,Z,Z,0
2673,2007_1335_1401,0.0,2007,1335,1401,14,3,X,X,0
2674,2007_1417_1451,1.0,2007,1417,1451,2,15,Z,Z,0
2675,2007_1181_1433,0.0,2007,1181,1433,6,11,Z,Z,1
2676,2007_1203_1435,0.0,2007,1203,1435,11,6,W,W,0
2677,2007_1331_1450,0.0,2007,1331,1450,14,3,W,W,0
2678,2007_1140_1462,0.0,2007,1140,1462,8,9,X,X,1
2679,2007_1196_1238,1.0,2007,1196,1238,1,16,Y,Y,0
2680,2007_1242_1310,1.0,2007,1242,1310,1,16,Z,Z,0
2681,2007_1246_1437,1.0,2007,1246,1437,8,9,Z,Z,0
2682,2007_1272_1317,1.0,2007,1272,1317,2,15,X,X,0
2683,2007_1166_1305,0.0,2007,1166,1305,10,7,X,X,0
2684,2007_1275_1332,0.0,2007,1275,1332,14,3,Y,Y,0
2685,2007_1112_1345,0.0,2007,1112,1345,8,9,Y,Y,1
2686,2007_1221_1356,0.0,2007,1221,1356,13,4,Z,Z,0
2687,2007_1253_1397,0.0,2007,1253,1397,12,5,X,X,0
2688,2007_1308_1400,0.0,2007,1308,1400,13,4,W,W,0
2689,2007_1210_1424,0.0,2007,1210,1424,10,7,Y,Y,0
2690,2007_1116_1425,0.0,2007,1116,1425,12,5,W,W,0
2691,2007_1107_1438,0.0,2007,1107,1438,13,4,X,X,0
2692,2007_1228_1439,0.0,2007,1228,1439,12,5,Z,Z,0
2693,2007_1323_1457,0.0,2007,1323,1457,6,11,Y,Y,1
2694,2007_1394_1458,0.0,2007,1394,1458,15,2,Y,Y,0
2695,2007_1139_1268,1.0,2007,1139,1268,5,4,Y,Y,1
2696,2007_1130_1207,0.0,2007,1130,1207,7,2,W,W,0
2697,2007_1277_1314,0.0,2007,1277,1314,9,1,W,W,0
2698,2007_1326_1462,1.0,2007,1326,1462,1,9,X,X,0
2699,2007_1338_1433,1.0,2007,1338,1433,3,11,Z,Z,0
2700,2007_1257_1401,0.0,2007,1257,1401,6,3,X,X,0
2701,2007_1231_1417,0.0,2007,1231,1417,7,2,Z,Z,0
2702,2007_1435_1450,1.0,2007,1435,1450,6,3,W,W,1
2703,2007_1196_1345,1.0,2007,1196,1345,1,9,Y,Y,0
2704,2007_1242_1246,1.0,2007,1242,1246,1,8,Z,Z,0
2705,2007_1272_1305,1.0,2007,1272,1305,2,7,X,X,0
2706,2007_1332_1457,1.0,2007,1332,1457,3,11,Y,Y,0
2707,2007_1356_1439,1.0,2007,1356,1439,4,5,Z,Z,0
2708,2007_1397_1438,1.0,2007,1397,1438,5,4,X,X,1
2709,2007_1424_1458,1.0,2007,1424,1458,7,2,Y,Y,1
2710,2007_1400_1425,0.0,2007,1400,1425,4,5,W,W,1
2711,2007_1242_1356,1.0,2007,1242,1356,1,4,Z,Z,0
2712,2007_1272_1401,1.0,2007,1272,1401,2,3,X,X,0
2713,2007_1326_1397,1.0,2007,1326,1397,1,5,X,X,0
2714,2007_1338_1417,0.0,2007,1338,1417,3,2,Z,Z,0
2715,2007_1139_1196,0.0,2007,1139,1196,5,1,Y,Y,0
2716,2007_1207_1435,1.0,2007,1207,1435,2,6,W,W,0
2717,2007_1314_1425,1.0,2007,1314,1425,1,5,W,W,0
2718,2007_1332_1424,1.0,2007,1332,1424,3,7,Y,Y,0
2719,2007_1272_1326,0.0,2007,1272,1326,2,1,X,X,0
2720,2007_1242_1417,0.0,2007,1242,1417,1,2,Z,Z,1
2721,2007_1196_1332,1.0,2007,1196,1332,1,3,Y,Y,0
2722,2007_1207_1314,1.0,2007,1207,1314,2,1,W,W,1
2723,2007_1196_1417,1.0,2007,1196,1417,1,2,Y,Z,0
2724,2007_1207_1326,0.0,2007,1207,1326,2,1,W,X,0
2725,2007_1196_1326,1.0,2007,1196,1326,1,1,Y,X,1
2726,2008_1164_1291,0.0,2008,1164,1291,16,16,W,W,1
2727,2008_1125_1181,0.0,2008,1125,1181,15,2,Z,Z,0
2728,2008_1242_1340,1.0,2008,1242,1340,1,16,X,X,0
2729,2008_1243_1425,1.0,2008,1243,1425,11,6,X,X,1
2730,2008_1246_1266,0.0,2008,1246,1266,11,6,Y,Y,0
2731,2008_1277_1396,1.0,2008,1277,1396,5,12,Y,Y,0
2732,2008_1206_1323,0.0,2008,1206,1323,12,5,W,W,0
2733,2008_1331_1338,0.0,2008,1331,1338,13,4,Y,Y,0
2734,2008_1124_1345,0.0,2008,1124,1345,11,6,Z,Z,0
2735,2008_1165_1390,0.0,2008,1165,1390,14,3,Y,Y,0
2736,2008_1140_1401,0.0,2008,1140,1401,8,9,Z,Z,1
2737,2008_1290_1417,0.0,2008,1290,1417,16,1,Z,Z,0
2738,2008_1245_1424,0.0,2008,1245,1424,9,8,X,X,0
2739,2008_1450_1457,1.0,2008,1450,1457,4,13,W,W,0
2740,2008_1112_1452,0.0,2008,1112,1452,10,7,Z,Z,0
2741,2008_1168_1458,0.0,2008,1168,1458,14,3,X,X,0
2742,2008_1208_1462,0.0,2008,1208,1462,14,3,Z,Z,0
2743,2008_1116_1231,1.0,2008,1116,1231,9,8,W,W,1
2744,2008_1139_1375,1.0,2008,1139,1375,7,10,W,W,0
2745,2008_1172_1211,1.0,2008,1172,1211,10,7,X,X,1
2746,2008_1207_1420,1.0,2008,1207,1420,2,15,X,X,0
2747,2008_1129_1257,0.0,2008,1129,1257,14,3,W,W,0
2748,2008_1272_1426,1.0,2008,1272,1426,1,16,Y,Y,0
2749,2008_1274_1388,1.0,2008,1274,1388,7,10,Y,Y,0
2750,2008_1280_1332,1.0,2008,1280,1332,8,9,Y,Y,0
2751,2008_1291_1314,0.0,2008,1291,1314,16,1,W,W,0
2752,2008_1328_1386,1.0,2008,1328,1386,6,11,W,W,0
2753,2008_1163_1360,0.0,2008,1163,1360,4,13,Z,Z,1
2754,2008_1373_1435,1.0,2008,1373,1435,13,4,X,X,1
2755,2008_1110_1397,0.0,2008,1110,1397,15,2,W,W,0
2756,2008_1122_1400,0.0,2008,1122,1400,15,2,Y,Y,0
2757,2008_1155_1437,0.0,2008,1155,1437,5,12,X,X,1
2758,2008_1179_1443,0.0,2008,1179,1443,5,12,Z,Z,1
2759,2008_1242_1424,1.0,2008,1242,1424,1,8,X,X,0
2760,2008_1277_1338,1.0,2008,1277,1338,5,4,Y,Y,1
2761,2008_1266_1390,0.0,2008,1266,1390,6,3,Y,Y,0
2762,2008_1401_1417,0.0,2008,1401,1417,9,1,Z,Z,0
2763,2008_1323_1450,0.0,2008,1323,1450,5,4,W,W,0
2764,2008_1181_1452,0.0,2008,1181,1452,2,7,Z,Z,1
2765,2008_1243_1458,0.0,2008,1243,1458,11,3,X,X,0
2766,2008_1345_1462,0.0,2008,1345,1462,6,3,Z,Z,0
2767,2008_1172_1207,1.0,2008,1172,1207,10,2,X,X,1
2768,2008_1257_1328,1.0,2008,1257,1328,3,6,W,W,0
2769,2008_1272_1280,1.0,2008,1272,1280,1,8,Y,Y,0
2770,2008_1116_1314,0.0,2008,1116,1314,9,1,W,W,0
2771,2008_1139_1397,0.0,2008,1139,1397,7,2,W,W,0
2772,2008_1274_1400,0.0,2008,1274,1400,7,2,Y,Y,0
2773,2008_1373_1437,0.0,2008,1373,1437,13,12,X,X,0
2774,2008_1360_1443,0.0,2008,1360,1443,13,12,Z,Z,0
2775,2008_1257_1397,1.0,2008,1257,1397,3,2,W,W,1
2776,2008_1314_1450,1.0,2008,1314,1450,1,4,W,W,0
2777,2008_1417_1443,1.0,2008,1417,1443,1,12,Z,Z,0
2778,2008_1452_1462,0.0,2008,1452,1462,7,3,Z,Z,0
2779,2008_1172_1458,1.0,2008,1172,1458,10,3,X,X,1
2780,2008_1242_1437,1.0,2008,1242,1437,1,12,X,X,0
2781,2008_1272_1277,1.0,2008,1272,1277,1,5,Y,Y,0
2782,2008_1390_1400,0.0,2008,1390,1400,3,2,Y,Y,0
2783,2008_1257_1314,0.0,2008,1257,1314,3,1,W,W,0
2784,2008_1417_1462,1.0,2008,1417,1462,1,3,Z,Z,0
2785,2008_1172_1242,0.0,2008,1172,1242,10,1,X,X,0
2786,2008_1272_1400,1.0,2008,1272,1400,1,2,Y,Y,0
2787,2008_1242_1314,1.0,2008,1242,1314,1,1,X,W,1
2788,2008_1272_1417,1.0,2008,1272,1417,1,1,Y,Z,1
2789,2008_1242_1272,1.0,2008,1242,1272,1,1,X,Y,1
2790,2009_1106_1287,0.0,2009,1106,1287,16,16,Y,Y,1
2791,2009_1151_1163,0.0,2009,1151,1163,16,1,Z,Z,0
2792,2009_1127_1181,0.0,2009,1127,1181,15,2,W,W,0
2793,2009_1103_1211,0.0,2009,1103,1211,13,4,X,X,0
2794,2009_1139_1261,0.0,2009,1139,1261,9,8,X,X,0
2795,2009_1143_1268,0.0,2009,1143,1268,7,10,Z,Z,1
2796,2009_1169_1272,0.0,2009,1169,1272,15,2,Z,Z,0
2797,2009_1155_1276,0.0,2009,1155,1276,7,10,X,X,1
2798,2009_1314_1347,1.0,2009,1314,1347,1,16,X,X,0
2799,2009_1288_1328,0.0,2009,1288,1328,15,2,X,X,0
2800,2009_1320_1345,0.0,2009,1320,1345,12,5,Z,Z,0
2801,2009_1278_1400,0.0,2009,1278,1400,10,7,W,W,0
2802,2009_1140_1401,0.0,2009,1140,1401,8,9,Z,Z,1
2803,2009_1417_1433,1.0,2009,1417,1433,6,11,W,W,0
2804,2009_1110_1437,0.0,2009,1110,1437,14,3,W,W,0
2805,2009_1228_1443,0.0,2009,1228,1443,5,12,X,X,1
2806,2009_1280_1449,0.0,2009,1280,1449,13,4,Z,Z,0
2807,2009_1112_1428,1.0,2009,1112,1428,12,5,Y,Y,1
2808,2009_1113_1396,1.0,2009,1113,1396,6,11,X,X,0
2809,2009_1156_1448,1.0,2009,1156,1448,13,4,Y,Y,1
2810,2009_1173_1452,1.0,2009,1173,1452,11,6,Y,Y,1
2811,2009_1242_1295,1.0,2009,1242,1295,3,14,Y,Y,0
2812,2009_1257_1287,1.0,2009,1257,1287,1,16,Y,Y,0
2813,2009_1266_1429,1.0,2009,1266,1429,6,11,Z,Z,0
2814,2009_1277_1352,1.0,2009,1277,1352,2,15,Y,Y,0
2815,2009_1165_1281,0.0,2009,1165,1281,14,3,Z,Z,0
2816,2009_1329_1397,1.0,2009,1329,1397,8,9,W,W,0
2817,2009_1190_1338,0.0,2009,1190,1338,16,1,W,W,0
2818,2009_1326_1373,0.0,2009,1326,1373,8,9,Y,Y,1
2819,2009_1372_1393,0.0,2009,1372,1393,14,3,X,X,0
2820,2009_1130_1425,0.0,2009,1130,1425,7,10,Y,Y,1
2821,2009_1199_1458,0.0,2009,1199,1458,5,12,W,W,1
2822,2009_1340_1462,0.0,2009,1340,1462,13,4,W,W,0
2823,2009_1163_1401,1.0,2009,1163,1401,1,9,Z,Z,0
2824,2009_1181_1400,1.0,2009,1181,1400,2,7,W,W,0
2825,2009_1211_1443,1.0,2009,1211,1443,4,12,X,X,0
2826,2009_1268_1272,0.0,2009,1268,1272,10,2,Z,Z,0
2827,2009_1261_1314,0.0,2009,1261,1314,8,1,X,X,0
2828,2009_1276_1328,0.0,2009,1276,1328,10,2,X,X,0
2829,2009_1345_1449,1.0,2009,1345,1449,5,4,Z,Z,1
2830,2009_1417_1437,0.0,2009,1417,1437,6,3,W,W,0
2831,2009_1112_1156,1.0,2009,1112,1156,12,13,Y,Y,0
2832,2009_1173_1242,0.0,2009,1173,1242,11,3,Y,Y,0
2833,2009_1257_1373,1.0,2009,1257,1373,1,9,Y,Y,0
2834,2009_1277_1425,1.0,2009,1277,1425,2,10,Y,Y,0
2835,2009_1266_1281,0.0,2009,1266,1281,6,3,Z,Z,0
2836,2009_1329_1338,0.0,2009,1329,1338,8,1,W,W,0
2837,2009_1113_1393,0.0,2009,1113,1393,6,3,X,X,0
2838,2009_1458_1462,0.0,2009,1458,1462,12,4,W,W,0
2839,2009_1163_1345,1.0,2009,1163,1345,1,5,Z,Z,0
2840,2009_1272_1281,0.0,2009,1272,1281,2,3,Z,Z,1
2841,2009_1338_1462,1.0,2009,1338,1462,1,4,W,W,0
2842,2009_1181_1437,0.0,2009,1181,1437,2,3,W,W,1
2843,2009_1112_1257,0.0,2009,1112,1257,12,1,Y,Y,0
2844,2009_1242_1277,0.0,2009,1242,1277,3,2,Y,Y,0
2845,2009_1211_1314,0.0,2009,1211,1314,4,1,X,X,0
2846,2009_1328_1393,1.0,2009,1328,1393,2,3,X,X,0
2847,2009_1163_1281,1.0,2009,1163,1281,1,3,Z,Z,0
2848,2009_1338_1437,0.0,2009,1338,1437,1,3,W,W,1
2849,2009_1257_1277,0.0,2009,1257,1277,1,2,Y,Y,1
2850,2009_1314_1328,1.0,2009,1314,1328,1,2,X,X,0
2851,2009_1163_1277,0.0,2009,1163,1277,1,2,Z,Y,1
2852,2009_1314_1437,1.0,2009,1314,1437,1,3,X,W,0
2853,2009_1277_1314,0.0,2009,1277,1314,2,1,Y,X,0
2854,2010_1115_1457,1.0,2010,1115,1457,16,16,X,X,1
2855,2010_1124_1358,1.0,2010,1124,1358,3,14,X,X,0
2856,2010_1139_1431,1.0,2010,1139,1431,5,12,Z,Z,0
2857,2010_1140_1196,1.0,2010,1140,1196,7,10,Z,Z,0
2858,2010_1242_1250,1.0,2010,1242,1250,1,16,Y,Y,0
2859,2010_1243_1317,1.0,2010,1243,1317,2,15,Z,Z,0
2860,2010_1190_1246,0.0,2010,1190,1246,16,1,W,W,0
2861,2010_1293_1435,1.0,2010,1293,1435,13,4,Z,Z,1
2862,2010_1285_1307,0.0,2010,1285,1307,14,3,W,W,0
2863,2010_1320_1424,1.0,2010,1320,1424,9,8,Y,Y,1
2864,2010_1207_1325,0.0,2010,1207,1325,3,14,Y,Y,1
2865,2010_1323_1330,0.0,2010,1323,1330,6,11,X,X,1
2866,2010_1350_1388,0.0,2010,1350,1388,7,10,X,X,1
2867,2010_1361_1397,0.0,2010,1361,1397,11,6,Y,Y,0
2868,2010_1352_1437,0.0,2010,1352,1437,15,2,X,X,0
2869,2010_1400_1448,0.0,2010,1400,1448,8,9,W,W,1
2870,2010_1266_1449,0.0,2010,1266,1449,6,11,W,W,1
2871,2010_1143_1257,1.0,2010,1143,1257,8,9,X,X,0
2872,2010_1165_1396,1.0,2010,1165,1396,12,5,W,W,1
2873,2010_1115_1181,0.0,2010,1115,1181,16,1,X,X,0
2874,2010_1210_1329,1.0,2010,1210,1329,10,7,Y,Y,1
2875,2010_1199_1211,0.0,2010,1199,1211,9,8,Z,Z,0
2876,2010_1222_1268,0.0,2010,1222,1268,13,4,Y,Y,0
2877,2010_1277_1308,1.0,2010,1277,1308,5,12,Y,Y,0
2878,2010_1155_1281,0.0,2010,1155,1281,7,10,W,W,1
2879,2010_1326_1364,1.0,2010,1326,1364,2,15,Y,Y,0
2880,2010_1324_1338,0.0,2010,1324,1338,14,3,Z,Z,0
2881,2010_1345_1373,1.0,2010,1345,1373,4,13,X,X,0
2882,2010_1393_1436,1.0,2010,1393,1436,1,16,Z,Z,0
2883,2010_1401_1429,1.0,2010,1401,1429,5,12,X,X,0
2884,2010_1288_1452,0.0,2010,1288,1452,15,2,W,W,0
2885,2010_1458_1459,1.0,2010,1458,1459,4,13,W,W,0
2886,2010_1278_1462,0.0,2010,1278,1462,11,6,Z,Z,0
2887,2010_1124_1330,1.0,2010,1124,1330,3,11,X,X,0
2888,2010_1139_1293,1.0,2010,1139,1293,5,13,Z,Z,0
2889,2010_1140_1243,0.0,2010,1140,1243,7,2,Z,Z,0
2890,2010_1246_1448,1.0,2010,1246,1448,1,9,W,W,0
2891,2010_1242_1320,0.0,2010,1242,1320,1,9,Y,Y,1
2892,2010_1388_1437,1.0,2010,1388,1437,10,2,X,X,1
2893,2010_1325_1397,0.0,2010,1325,1397,14,6,Y,Y,0
2894,2010_1307_1449,0.0,2010,1307,1449,3,11,W,W,1
2895,2010_1165_1458,1.0,2010,1165,1458,12,4,W,W,1
2896,2010_1143_1181,0.0,2010,1143,1181,8,1,X,X,0
2897,2010_1268_1277,0.0,2010,1268,1277,4,5,Y,Y,1
2898,2010_1210_1326,0.0,2010,1210,1326,10,2,Y,Y,0
2899,2010_1345_1401,1.0,2010,1345,1401,4,5,X,X,0
2900,2010_1211_1393,0.0,2010,1211,1393,8,1,Z,Z,0
2901,2010_1281_1452,0.0,2010,1281,1452,10,2,W,W,0
2902,2010_1338_1462,0.0,2010,1338,1462,3,6,Z,Z,1
2903,2010_1139_1393,1.0,2010,1139,1393,5,1,Z,Z,1
2904,2010_1243_1462,1.0,2010,1243,1462,2,6,Z,Z,0
2905,2010_1165_1246,0.0,2010,1165,1246,12,1,W,W,0
2906,2010_1449_1452,0.0,2010,1449,1452,11,2,W,W,0
2907,2010_1124_1388,1.0,2010,1124,1388,3,10,X,X,0
2908,2010_1181_1345,1.0,2010,1181,1345,1,4,X,X,0
2909,2010_1277_1320,1.0,2010,1277,1320,5,9,Y,Y,0
2910,2010_1326_1397,0.0,2010,1326,1397,2,6,Y,Y,1
2911,2010_1139_1243,1.0,2010,1139,1243,5,2,Z,Z,1
2912,2010_1246_1452,0.0,2010,1246,1452,1,2,W,W,1
2913,2010_1124_1181,0.0,2010,1124,1181,3,1,X,X,0
2914,2010_1277_1397,1.0,2010,1277,1397,5,6,Y,Y,0
2915,2010_1139_1277,1.0,2010,1139,1277,5,5,Z,Y,1
2916,2010_1181_1452,1.0,2010,1181,1452,1,2,X,W,0
2917,2010_1139_1181,0.0,2010,1139,1181,5,1,Z,X,0
2918,2011_1155_1412,1.0,2011,1155,1412,12,12,W,W,1
2919,2011_1114_1421,0.0,2011,1114,1421,16,16,Y,Y,1
2920,2011_1106_1427,0.0,2011,1106,1427,16,16,W,W,1
2921,2011_1425_1433,0.0,2011,1425,1433,11,11,Z,Z,1
2922,2011_1139_1330,1.0,2011,1139,1330,8,9,Y,Y,0
2923,2011_1140_1459,1.0,2011,1140,1459,3,14,Y,Y,0
2924,2011_1153_1281,1.0,2011,1153,1281,6,11,X,X,0
2925,2011_1137_1163,0.0,2011,1137,1163,14,3,X,X,0
2926,2011_1196_1364,1.0,2011,1196,1364,2,15,Y,Y,0
2927,2011_1211_1385,1.0,2011,1211,1385,11,6,Y,Y,1
2928,2011_1243_1429,1.0,2011,1243,1429,5,12,Y,Y,0
2929,2011_1246_1343,1.0,2011,1246,1343,4,13,W,W,0
2930,2011_1257_1287,0.0,2011,1257,1287,4,13,Z,Z,1
2931,2011_1338_1421,1.0,2011,1338,1421,1,16,Y,Y,0
2932,2011_1350_1435,1.0,2011,1350,1435,12,5,Z,Z,1
2933,2011_1294_1361,0.0,2011,1294,1361,15,2,X,X,0
2934,2011_1336_1396,0.0,2011,1336,1396,10,7,X,X,0
2935,2011_1277_1417,0.0,2011,1277,1417,10,7,Y,Y,0
2936,2011_1155_1452,0.0,2011,1155,1452,12,5,W,W,0
2937,2011_1125_1458,0.0,2011,1125,1458,13,4,Y,Y,0
2938,2011_1112_1272,1.0,2011,1112,1272,5,12,X,X,0
2939,2011_1181_1214,1.0,2011,1181,1214,1,16,X,X,0
2940,2011_1199_1401,1.0,2011,1199,1401,10,7,Z,Z,1
2941,2011_1206_1437,1.0,2011,1206,1437,8,9,W,W,0
2942,2011_1228_1424,1.0,2011,1228,1424,9,8,Z,Z,1
2943,2011_1131_1242,0.0,2011,1131,1242,16,1,Z,Z,0
2944,2011_1266_1462,1.0,2011,1266,1462,11,6,W,W,1
2945,2011_1276_1397,1.0,2011,1276,1397,8,9,X,X,0
2946,2011_1254_1314,0.0,2011,1254,1314,15,2,W,W,0
2947,2011_1103_1323,0.0,2011,1103,1323,15,2,Z,Z,0
2948,2011_1326_1427,1.0,2011,1326,1427,1,16,W,W,0
2949,2011_1345_1389,1.0,2011,1345,1389,3,14,Z,Z,0
2950,2011_1232_1393,0.0,2011,1232,1393,14,3,W,W,0
2951,2011_1324_1400,0.0,2011,1324,1400,13,4,X,X,0
2952,2011_1207_1433,0.0,2011,1207,1433,6,11,Z,Z,1
2953,2011_1208_1449,0.0,2011,1208,1449,10,7,W,W,0
2954,2011_1139_1338,1.0,2011,1139,1338,8,1,Y,Y,1
2955,2011_1140_1211,1.0,2011,1140,1211,3,11,Y,Y,0
2956,2011_1153_1163,0.0,2011,1153,1163,6,3,X,X,0
2957,2011_1196_1417,1.0,2011,1196,1417,2,7,Y,Y,0
2958,2011_1246_1452,1.0,2011,1246,1452,4,5,W,W,0
2959,2011_1287_1350,0.0,2011,1287,1350,13,12,Z,Z,0
2960,2011_1361_1396,1.0,2011,1361,1396,2,7,X,X,0
2961,2011_1243_1458,0.0,2011,1243,1458,5,4,Y,Y,0
2962,2011_1112_1400,1.0,2011,1112,1400,5,4,X,X,1
2963,2011_1181_1276,1.0,2011,1181,1276,1,8,X,X,0
2964,2011_1199_1323,1.0,2011,1199,1323,10,2,Z,Z,1
2965,2011_1228_1242,0.0,2011,1228,1242,9,1,Z,Z,0
2966,2011_1266_1393,1.0,2011,1266,1393,11,3,W,W,1
2967,2011_1314_1449,1.0,2011,1314,1449,2,7,W,W,0
2968,2011_1206_1326,0.0,2011,1206,1326,8,1,W,W,0
2969,2011_1345_1433,0.0,2011,1345,1433,3,11,Z,Z,1
2970,2011_1112_1181,1.0,2011,1112,1181,5,1,X,X,1
2971,2011_1139_1458,1.0,2011,1139,1458,8,4,Y,Y,1
2972,2011_1163_1361,1.0,2011,1163,1361,3,2,X,X,1
2973,2011_1140_1196,0.0,2011,1140,1196,3,2,Y,Y,0
2974,2011_1242_1350,1.0,2011,1242,1350,1,12,Z,Z,0
2975,2011_1246_1326,1.0,2011,1246,1326,4,1,W,W,1
2976,2011_1266_1314,0.0,2011,1266,1314,11,2,W,W,0
2977,2011_1199_1433,0.0,2011,1199,1433,10,11,Z,Z,1
2978,2011_1139_1196,1.0,2011,1139,1196,8,2,Y,Y,1
2979,2011_1112_1163,0.0,2011,1112,1163,5,3,X,X,0
2980,2011_1246_1314,1.0,2011,1246,1314,4,2,W,W,1
2981,2011_1242_1433,0.0,2011,1242,1433,1,11,Z,Z,1
2982,2011_1139_1433,1.0,2011,1139,1433,8,11,Y,Z,0
2983,2011_1163_1246,1.0,2011,1163,1246,3,4,X,W,0
2984,2011_1139_1163,0.0,2011,1139,1163,8,3,Y,X,0
2985,2012_1140_1233,1.0,2012,1140,1233,14,14,Z,Z,1
2986,2012_1290_1443,0.0,2012,1290,1443,16,16,Y,Y,1
2987,2012_1143_1378,0.0,2012,1143,1378,12,12,X,X,1
2988,2012_1249_1436,0.0,2012,1249,1436,16,16,X,X,1
2989,2012_1124_1355,1.0,2012,1124,1355,3,14,Y,Y,0
2990,2012_1160_1424,1.0,2012,1160,1424,11,6,Y,Y,1
2991,2012_1211_1452,1.0,2012,1211,1452,7,10,W,W,0
2992,2012_1231_1308,1.0,2012,1231,1308,4,13,Y,Y,0
2993,2012_1163_1235,0.0,2012,1163,1235,9,8,Y,Y,0
2994,2012_1243_1379,1.0,2012,1243,1379,8,9,W,W,0
2995,2012_1246_1443,1.0,2012,1246,1443,1,16,Y,Y,0
2996,2012_1172_1257,0.0,2012,1172,1257,13,4,Z,Z,0
2997,2012_1140_1266,0.0,2012,1140,1266,14,3,Z,Z,0
2998,2012_1161_1293,0.0,2012,1161,1293,11,6,Z,Z,0
2999,2012_1253_1307,0.0,2012,1253,1307,12,5,Z,Z,0
3000,2012_1259_1326,0.0,2012,1259,1326,15,2,W,W,0
3001,2012_1393_1421,1.0,2012,1393,1421,1,16,W,W,0
3002,2012_1433_1455,1.0,2012,1433,1455,12,5,Y,Y,1
3003,2012_1217_1435,0.0,2012,1217,1435,12,5,W,W,0
3004,2012_1285_1458,0.0,2012,1285,1458,13,4,W,W,0
3005,2012_1153_1400,1.0,2012,1153,1400,6,11,W,W,0
3006,2012_1104_1166,0.0,2012,1104,1166,9,8,X,X,0
3007,2012_1196_1438,1.0,2012,1196,1438,7,10,Z,Z,0
3008,2012_1199_1382,1.0,2012,1199,1382,3,14,W,W,0
3009,2012_1125_1207,0.0,2012,1125,1207,14,3,X,X,0
3010,2012_1178_1242,0.0,2012,1178,1242,15,2,X,X,0
3011,2012_1181_1250,0.0,2012,1181,1250,2,15,Y,Y,1
3012,2012_1254_1277,0.0,2012,1254,1277,16,1,Z,Z,0
3013,2012_1301_1361,1.0,2012,1301,1361,11,6,X,X,1
3014,2012_1281_1313,0.0,2012,1281,1313,2,15,Z,Z,1
3015,2012_1314_1436,1.0,2012,1314,1436,1,16,X,X,0
3016,2012_1276_1325,0.0,2012,1276,1325,4,13,X,X,1
3017,2012_1345_1388,1.0,2012,1345,1388,10,7,X,X,1
3018,2012_1378_1396,1.0,2012,1378,1396,12,5,X,X,1
3019,2012_1272_1387,0.0,2012,1272,1387,8,9,Z,Z,1
3020,2012_1323_1462,0.0,2012,1323,1462,7,10,Y,Y,1
3021,2012_1124_1160,1.0,2012,1124,1160,3,11,Y,Y,0
3022,2012_1231_1433,1.0,2012,1231,1433,4,12,Y,Y,0
3023,2012_1235_1246,0.0,2012,1235,1246,8,1,Y,Y,0
3024,2012_1257_1307,1.0,2012,1257,1307,4,5,Z,Z,0
3025,2012_1266_1293,1.0,2012,1266,1293,3,6,Z,Z,0
3026,2012_1211_1326,0.0,2012,1211,1326,7,2,W,W,0
3027,2012_1243_1393,0.0,2012,1243,1393,8,1,W,W,0
3028,2012_1435_1458,0.0,2012,1435,1458,5,4,W,W,0
3029,2012_1153_1199,1.0,2012,1153,1199,6,3,W,W,1
3030,2012_1196_1313,1.0,2012,1196,1313,7,15,Z,Z,0
3031,2012_1242_1345,1.0,2012,1242,1345,2,10,X,X,0
3032,2012_1277_1387,1.0,2012,1277,1387,1,9,Z,Z,0
3033,2012_1207_1301,0.0,2012,1207,1301,3,11,X,X,1
3034,2012_1166_1314,0.0,2012,1166,1314,8,1,X,X,0
3035,2012_1325_1378,1.0,2012,1325,1378,13,12,X,X,1
3036,2012_1250_1462,0.0,2012,1250,1462,15,10,Y,Y,0
3037,2012_1196_1266,1.0,2012,1196,1266,7,3,Z,Z,1
3038,2012_1257_1277,1.0,2012,1257,1277,4,1,Z,Z,1
3039,2012_1153_1326,0.0,2012,1153,1326,6,2,W,W,0
3040,2012_1393_1458,1.0,2012,1393,1458,1,4,W,W,0
3041,2012_1124_1462,1.0,2012,1124,1462,3,10,Y,Y,0
3042,2012_1242_1301,1.0,2012,1242,1301,2,11,X,X,0
3043,2012_1231_1246,0.0,2012,1231,1246,4,1,Y,Y,0
3044,2012_1314_1325,1.0,2012,1314,1325,1,13,X,X,0
3045,2012_1196_1257,0.0,2012,1196,1257,7,4,Z,Z,0
3046,2012_1326_1393,1.0,2012,1326,1393,2,1,W,W,1
3047,2012_1242_1314,1.0,2012,1242,1314,2,1,X,X,1
3048,2012_1124_1246,0.0,2012,1124,1246,3,1,Y,Y,0
3049,2012_1242_1326,1.0,2012,1242,1326,2,2,X,W,1
3050,2012_1246_1257,1.0,2012,1246,1257,1,4,Y,Z,0
3051,2012_1242_1246,0.0,2012,1242,1246,2,1,X,Y,0
3052,2013_1251_1299,0.0,2013,1251,1299,16,16,Y,Y,1
3053,2013_1292_1388,0.0,2013,1292,1388,11,11,Y,Y,1
3054,2013_1241_1254,1.0,2013,1241,1254,16,16,W,W,1
3055,2013_1129_1247,0.0,2013,1129,1247,13,13,Z,Z,1
3056,2013_1112_1125,1.0,2013,1112,1125,6,11,Z,Z,0
3057,2013_1137_1139,0.0,2013,1137,1139,11,6,W,W,0
3058,2013_1143_1424,1.0,2013,1143,1424,12,5,W,W,1
3059,2013_1161_1281,1.0,2013,1161,1281,8,9,Y,Y,0
3060,2013_1211_1380,1.0,2013,1211,1380,1,16,Z,Z,0
3061,2013_1217_1307,1.0,2013,1217,1307,14,3,Z,Z,1
3062,2013_1257_1299,1.0,2013,1257,1299,1,16,Y,Y,0
3063,2013_1172_1266,0.0,2013,1172,1266,14,3,W,W,0
3064,2013_1272_1388,1.0,2013,1272,1388,6,11,Y,Y,0
3065,2013_1276_1355,1.0,2013,1276,1355,4,13,X,X,0
3066,2013_1277_1434,1.0,2013,1277,1434,3,14,Y,Y,0
3067,2013_1329_1332,0.0,2013,1329,1332,5,12,Y,Y,1
3068,2013_1308_1387,0.0,2013,1308,1387,13,4,Y,Y,0
3069,2013_1285_1393,0.0,2013,1285,1393,13,4,W,W,0
3070,2013_1103_1433,0.0,2013,1103,1433,12,5,X,X,0
3071,2013_1338_1455,0.0,2013,1338,1455,8,9,Z,Z,1
3072,2013_1153_1166,0.0,2013,1153,1166,10,7,Y,Y,0
3073,2013_1107_1181,0.0,2013,1107,1181,15,2,Y,Y,0
3074,2013_1195_1207,1.0,2013,1195,1207,15,2,X,X,1
3075,2013_1196_1322,1.0,2013,1196,1322,3,14,X,X,0
3076,2013_1160_1228,0.0,2013,1160,1228,10,7,W,W,0
3077,2013_1231_1241,1.0,2013,1231,1241,1,16,W,W,0
3078,2013_1235_1323,1.0,2013,1235,1323,10,7,Z,Z,1
3079,2013_1242_1443,1.0,2013,1242,1443,1,16,X,X,0
3080,2013_1243_1247,0.0,2013,1243,1247,4,13,Z,Z,1
3081,2013_1274_1334,1.0,2013,1274,1334,2,15,W,W,0
3082,2013_1278_1417,1.0,2013,1278,1417,11,6,X,X,1
3083,2013_1279_1458,1.0,2013,1279,1458,12,5,Z,Z,1
3084,2013_1314_1437,1.0,2013,1314,1437,8,9,X,X,0
3085,2013_1233_1326,0.0,2013,1233,1326,15,2,Z,Z,0
3086,2013_1328_1361,0.0,2013,1328,1361,10,7,X,X,0
3087,2013_1301_1396,0.0,2013,1301,1396,8,9,W,W,1
3088,2013_1112_1217,1.0,2013,1112,1217,6,14,Z,Z,0
3089,2013_1161_1257,0.0,2013,1161,1257,8,1,Y,Y,0
3090,2013_1139_1266,0.0,2013,1139,1266,6,3,W,W,0
3091,2013_1276_1433,1.0,2013,1276,1433,4,5,X,X,0
3092,2013_1272_1277,0.0,2013,1272,1277,6,3,Y,Y,0
3093,2013_1332_1387,1.0,2013,1332,1387,12,4,Y,Y,1
3094,2013_1143_1393,0.0,2013,1143,1393,12,4,W,W,0
3095,2013_1211_1455,0.0,2013,1211,1455,1,9,Z,Z,1
3096,2013_1166_1181,0.0,2013,1166,1181,7,2,Y,Y,0
3097,2013_1195_1361,1.0,2013,1195,1361,15,7,X,X,1
3098,2013_1196_1278,1.0,2013,1196,1278,3,11,X,X,0
3099,2013_1231_1396,1.0,2013,1231,1396,1,9,W,W,0
3100,2013_1242_1314,1.0,2013,1242,1314,1,8,X,X,0
3101,2013_1247_1279,1.0,2013,1247,1279,13,12,Z,Z,1
3102,2013_1228_1274,0.0,2013,1228,1274,7,2,W,W,0
3103,2013_1235_1326,0.0,2013,1235,1326,10,2,Z,Z,0
3104,2013_1266_1274,1.0,2013,1266,1274,3,2,W,W,1
3105,2013_1112_1326,0.0,2013,1112,1326,6,2,Z,Z,0
3106,2013_1231_1393,0.0,2013,1231,1393,1,4,W,W,1
3107,2013_1247_1455,0.0,2013,1247,1455,13,9,Z,Z,0
3108,2013_1181_1277,1.0,2013,1181,1277,2,3,Y,Y,0
3109,2013_1195_1196,0.0,2013,1195,1196,15,3,X,X,0
3110,2013_1257_1332,1.0,2013,1257,1332,1,12,Y,Y,0
3111,2013_1242_1276,0.0,2013,1242,1276,1,4,X,X,1
3112,2013_1266_1393,0.0,2013,1266,1393,3,4,W,W,1
3113,2013_1326_1455,0.0,2013,1326,1455,2,9,Z,Z,1
3114,2013_1181_1257,0.0,2013,1181,1257,2,1,Y,Y,0
3115,2013_1196_1276,0.0,2013,1196,1276,3,4,X,X,1
3116,2013_1257_1455,1.0,2013,1257,1455,1,9,Y,Z,0
3117,2013_1276_1393,1.0,2013,1276,1393,4,4,X,W,1
3118,2013_1257_1276,1.0,2013,1257,1276,1,4,Y,X,0
3119,2014_1107_1291,1.0,2014,1107,1291,16,16,X,X,1
3120,2014_1301_1462,1.0,2014,1301,1462,12,12,Y,Y,1
3121,2014_1142_1411,1.0,2014,1142,1411,16,16,Y,Y,1
3122,2014_1234_1397,0.0,2014,1234,1397,11,11,Y,Y,1
3123,2014_1163_1386,1.0,2014,1163,1386,7,10,W,W,0
3124,2014_1173_1326,1.0,2014,1173,1326,11,6,X,X,1
3125,2014_1107_1196,0.0,2014,1107,1196,16,1,X,X,0
3126,2014_1153_1217,0.0,2014,1153,1217,5,12,W,W,1
3127,2014_1257_1264,1.0,2014,1257,1264,4,13,Y,Y,0
3128,2014_1276_1459,1.0,2014,1276,1459,2,15,Y,Y,0
3129,2014_1174_1277,0.0,2014,1174,1277,13,4,W,W,0
3130,2014_1295_1328,1.0,2014,1295,1328,12,5,Z,Z,1
3131,2014_1140_1332,0.0,2014,1140,1332,10,7,Z,Z,0
3132,2014_1160_1338,0.0,2014,1160,1338,8,9,X,X,1
3133,2014_1308_1361,0.0,2014,1308,1361,13,4,Z,Z,0
3134,2014_1301_1387,0.0,2014,1301,1387,12,5,Y,Y,0
3135,2014_1393_1444,1.0,2014,1393,1444,3,14,X,X,0
3136,2014_1113_1400,0.0,2014,1113,1400,10,7,Y,Y,0
3137,2014_1437_1454,1.0,2014,1437,1454,2,15,W,W,0
3138,2014_1110_1458,0.0,2014,1110,1458,15,2,Z,Z,0
3139,2014_1112_1451,1.0,2014,1112,1451,1,16,Z,Z,0
3140,2014_1124_1304,1.0,2014,1124,1304,6,11,Z,Z,0
3141,2014_1166_1418,1.0,2014,1166,1418,3,14,Z,Z,0
3142,2014_1211_1329,1.0,2014,1211,1329,8,9,Z,Z,0
3143,2014_1235_1300,1.0,2014,1235,1300,3,14,W,W,0
3144,2014_1184_1242,0.0,2014,1184,1242,15,2,X,X,0
3145,2014_1243_1246,0.0,2014,1243,1246,9,8,Y,Y,0
3146,2014_1203_1272,0.0,2014,1203,1272,9,8,W,W,0
3147,2014_1181_1273,0.0,2014,1181,1273,3,14,Y,Y,1
3148,2014_1314_1344,1.0,2014,1314,1344,6,11,W,W,0
3149,2014_1372_1433,1.0,2014,1372,1433,12,5,X,X,1
3150,2014_1307_1390,0.0,2014,1307,1390,7,10,X,X,1
3151,2014_1269_1397,0.0,2014,1269,1397,6,11,Y,Y,1
3152,2014_1409_1417,0.0,2014,1409,1417,13,4,X,X,0
3153,2014_1157_1438,0.0,2014,1157,1438,16,1,W,W,0
3154,2014_1142_1455,0.0,2014,1142,1455,16,1,Y,Y,0
3155,2014_1163_1437,1.0,2014,1163,1437,7,2,W,W,1
3156,2014_1173_1393,1.0,2014,1173,1393,11,3,X,X,1
3157,2014_1196_1338,1.0,2014,1196,1338,1,9,X,X,0
3158,2014_1257_1387,1.0,2014,1257,1387,4,5,Y,Y,0
3159,2014_1276_1400,1.0,2014,1276,1400,2,7,Y,Y,0
3160,2014_1217_1277,0.0,2014,1217,1277,12,4,W,W,0
3161,2014_1295_1361,0.0,2014,1295,1361,12,4,Z,Z,0
3162,2014_1332_1458,0.0,2014,1332,1458,7,2,Z,Z,0
3163,2014_1112_1211,1.0,2014,1112,1211,1,8,Z,Z,0
3164,2014_1124_1166,1.0,2014,1124,1166,6,3,Z,Z,1
3165,2014_1235_1314,1.0,2014,1235,1314,3,6,W,W,0
3166,2014_1246_1455,1.0,2014,1246,1455,8,1,Y,Y,1
3167,2014_1242_1390,0.0,2014,1242,1390,2,10,X,X,1
3168,2014_1273_1397,0.0,2014,1273,1397,14,11,Y,Y,0
3169,2014_1372_1417,0.0,2014,1372,1417,12,4,X,X,0
3170,2014_1272_1438,0.0,2014,1272,1438,8,1,W,W,0
3171,2014_1112_1361,1.0,2014,1112,1361,1,4,Z,Z,0
3172,2014_1173_1390,1.0,2014,1173,1390,11,10,X,X,1
3173,2014_1196_1417,1.0,2014,1196,1417,1,4,X,X,0
3174,2014_1124_1458,0.0,2014,1124,1458,6,2,Z,Z,0
3175,2014_1163_1235,1.0,2014,1163,1235,7,3,W,W,1
3176,2014_1246_1257,1.0,2014,1246,1257,8,4,Y,Y,1
3177,2014_1276_1397,1.0,2014,1276,1397,2,11,Y,Y,0
3178,2014_1277_1438,1.0,2014,1277,1438,4,1,W,W,1
3179,2014_1173_1196,0.0,2014,1173,1196,11,1,X,X,0
3180,2014_1112_1458,0.0,2014,1112,1458,1,2,Z,Z,1
3181,2014_1163_1277,1.0,2014,1163,1277,7,4,W,W,1
3182,2014_1246_1276,1.0,2014,1246,1276,8,2,Y,Y,1
3183,2014_1163_1196,1.0,2014,1163,1196,7,1,W,X,1
3184,2014_1246_1458,1.0,2014,1246,1458,8,2,Y,Z,1
3185,2014_1163_1246,1.0,2014,1163,1246,7,8,W,Y,0
3186,2015_1214_1264,1.0,2015,1214,1264,16,16,Y,Y,1
3187,2015_1140_1279,0.0,2015,1140,1279,11,11,Z,Z,1
3188,2015_1129_1173,0.0,2015,1129,1173,11,11,W,W,1
3189,2015_1316_1352,0.0,2015,1316,1352,16,16,X,X,1
3190,2015_1112_1411,1.0,2015,1112,1411,2,15,Z,Z,0
3191,2015_1116_1459,1.0,2015,1116,1459,5,12,Z,Z,0
3192,2015_1139_1400,1.0,2015,1139,1400,6,11,Y,Y,0
3193,2015_1153_1345,1.0,2015,1153,1345,8,9,Y,Y,0
3194,2015_1186_1207,0.0,2015,1186,1207,13,4,X,X,0
3195,2015_1124_1209,0.0,2015,1124,1209,3,14,Z,Z,1
3196,2015_1214_1246,0.0,2015,1214,1246,16,1,Y,Y,0
3197,2015_1261_1301,0.0,2015,1261,1301,9,8,W,W,0
3198,2015_1217_1314,0.0,2015,1217,1314,13,4,Z,Z,0
3199,2015_1318_1323,0.0,2015,1318,1323,14,3,Y,Y,0
3200,2015_1326_1433,1.0,2015,1326,1433,10,7,Z,Z,1
3201,2015_1235_1412,0.0,2015,1235,1412,3,14,X,X,1
3202,2015_1374_1417,0.0,2015,1374,1417,6,11,X,X,1
3203,2015_1372_1428,0.0,2015,1372,1428,12,5,X,X,0
3204,2015_1248_1437,0.0,2015,1248,1437,16,1,W,W,0
3205,2015_1279_1462,0.0,2015,1279,1462,11,6,Z,Z,0
3206,2015_1173_1344,1.0,2015,1173,1344,11,6,W,W,1
3207,2015_1181_1352,1.0,2015,1181,1352,1,16,X,X,0
3208,2015_1211_1295,1.0,2015,1211,1295,2,15,X,X,0
3209,2015_1172_1234,0.0,2015,1172,1234,10,7,X,X,0
3210,2015_1242_1308,1.0,2015,1242,1308,2,15,Y,Y,0
3211,2015_1257_1414,1.0,2015,1257,1414,4,13,W,W,0
3212,2015_1268_1434,1.0,2015,1268,1434,4,13,Y,Y,0
3213,2015_1208_1277,0.0,2015,1208,1277,10,7,W,W,0
3214,2015_1320_1461,1.0,2015,1320,1461,5,12,W,W,0
3215,2015_1107_1328,0.0,2015,1107,1328,14,3,W,W,0
3216,2015_1329_1332,0.0,2015,1329,1332,9,8,Z,Z,0
3217,2015_1361_1385,1.0,2015,1361,1385,8,9,X,X,0
3218,2015_1125_1438,0.0,2015,1125,1438,15,2,W,W,0
3219,2015_1138_1452,0.0,2015,1138,1452,12,5,Y,Y,0
3220,2015_1231_1455,0.0,2015,1231,1455,10,7,Y,Y,0
3221,2015_1157_1458,0.0,2015,1157,1458,16,1,Z,Z,0
3222,2015_1112_1326,1.0,2015,1112,1326,2,10,Z,Z,0
3223,2015_1153_1246,0.0,2015,1153,1246,8,1,Y,Y,0
3224,2015_1301_1437,1.0,2015,1301,1437,8,1,W,W,1
3225,2015_1116_1314,0.0,2015,1116,1314,5,4,Z,Z,0
3226,2015_1139_1323,0.0,2015,1139,1323,6,3,Y,Y,0
3227,2015_1412_1417,0.0,2015,1412,1417,14,11,X,X,0
3228,2015_1207_1428,0.0,2015,1207,1428,4,5,X,X,1
3229,2015_1209_1462,0.0,2015,1209,1462,14,6,Z,Z,0
3230,2015_1181_1361,1.0,2015,1181,1361,1,8,X,X,0
3231,2015_1211_1234,1.0,2015,1211,1234,2,7,X,X,0
3232,2015_1257_1320,1.0,2015,1257,1320,4,5,W,W,0
3233,2015_1277_1438,1.0,2015,1277,1438,7,2,W,W,1
3234,2015_1173_1328,0.0,2015,1173,1328,11,3,W,W,0
3235,2015_1268_1452,0.0,2015,1268,1452,4,5,Y,Y,1
3236,2015_1242_1455,0.0,2015,1242,1455,2,7,Y,Y,1
3237,2015_1332_1458,0.0,2015,1332,1458,8,1,Z,Z,0
3238,2015_1112_1462,1.0,2015,1112,1462,2,6,Z,Z,0
3239,2015_1246_1452,1.0,2015,1246,1452,1,5,Y,Y,0
3240,2015_1323_1455,1.0,2015,1323,1455,3,7,Y,Y,0
3241,2015_1314_1458,0.0,2015,1314,1458,4,1,Z,Z,0
3242,2015_1181_1428,1.0,2015,1181,1428,1,5,X,X,0
3243,2015_1211_1417,1.0,2015,1211,1417,2,11,X,X,0
3244,2015_1257_1301,1.0,2015,1257,1301,4,8,W,W,0
3245,2015_1277_1328,1.0,2015,1277,1328,7,3,W,W,1
3246,2015_1246_1323,1.0,2015,1246,1323,1,3,Y,Y,0
3247,2015_1112_1458,0.0,2015,1112,1458,2,1,Z,Z,0
3248,2015_1181_1211,1.0,2015,1181,1211,1,2,X,X,0
3249,2015_1257_1277,0.0,2015,1257,1277,4,7,W,W,1
3250,2015_1181_1277,1.0,2015,1181,1277,1,7,X,W,0
3251,2015_1246_1458,0.0,2015,1246,1458,1,1,Y,Z,1
3252,2015_1181_1458,1.0,2015,1181,1458,1,1,X,Z,1
3253,2016_1192_1195,0.0,2016,1192,1195,16,16,W,W,1
3254,2016_1435_1455,0.0,2016,1435,1455,11,11,Y,Y,1
3255,2016_1221_1380,1.0,2016,1221,1380,16,16,Z,Z,1
3256,2016_1276_1409,1.0,2016,1276,1409,11,11,W,W,1
3257,2016_1114_1345,1.0,2016,1114,1345,12,5,X,X,1
3258,2016_1139_1403,1.0,2016,1139,1403,9,8,X,X,1
3259,2016_1160_1163,0.0,2016,1160,1163,8,9,Y,Y,1
3260,2016_1181_1423,1.0,2016,1181,1423,4,13,Z,Z,0
3261,2016_1211_1371,1.0,2016,1211,1371,11,6,X,X,1
3262,2016_1151_1231,0.0,2016,1151,1231,12,5,W,W,0
3263,2016_1233_1235,0.0,2016,1233,1235,13,4,X,X,0
3264,2016_1122_1242,0.0,2016,1122,1242,16,1,Y,Y,0
3265,2016_1246_1392,1.0,2016,1246,1392,4,13,W,W,0
3266,2016_1138_1274,0.0,2016,1138,1274,14,3,Y,Y,0
3267,2016_1195_1314,0.0,2016,1195,1314,16,1,W,W,0
3268,2016_1344_1425,1.0,2016,1344,1425,9,8,W,W,1
3269,2016_1201_1428,0.0,2016,1201,1428,14,3,X,X,0
3270,2016_1214_1438,0.0,2016,1214,1438,16,1,X,X,0
3271,2016_1112_1455,0.0,2016,1112,1455,6,11,Y,Y,1
3272,2016_1124_1463,0.0,2016,1124,1463,5,12,Z,Z,1
3273,2016_1143_1218,0.0,2016,1143,1218,4,13,Y,Y,1
3274,2016_1234_1396,1.0,2016,1234,1396,7,10,Y,Y,0
3275,2016_1268_1355,1.0,2016,1268,1355,5,12,Y,Y,0
3276,2016_1277_1292,0.0,2016,1277,1292,2,15,X,X,1
3277,2016_1320_1400,1.0,2016,1320,1400,11,6,Z,Z,1
3278,2016_1276_1323,0.0,2016,1276,1323,11,6,W,W,0
3279,2016_1167_1328,0.0,2016,1167,1328,15,2,Z,Z,0
3280,2016_1221_1332,0.0,2016,1221,1332,16,1,Z,Z,0
3281,2016_1372_1452,1.0,2016,1372,1452,14,3,W,W,1
3282,2016_1153_1386,0.0,2016,1153,1386,9,8,Z,Z,0
3283,2016_1173_1393,0.0,2016,1173,1393,7,10,X,X,1
3284,2016_1401_1453,1.0,2016,1401,1453,3,14,Z,Z,0
3285,2016_1333_1433,0.0,2016,1333,1433,7,10,Z,Z,1
3286,2016_1421_1437,0.0,2016,1421,1437,15,2,Y,Y,0
3287,2016_1338_1458,0.0,2016,1338,1458,10,7,W,W,0
3288,2016_1451_1462,0.0,2016,1451,1462,15,2,W,W,0
3289,2016_1181_1463,1.0,2016,1181,1463,4,12,Z,Z,0
3290,2016_1211_1428,1.0,2016,1211,1428,11,3,X,X,1
3291,2016_1231_1246,1.0,2016,1231,1246,5,4,W,W,1
3292,2016_1114_1235,0.0,2016,1114,1235,12,4,X,X,0
3293,2016_1163_1242,0.0,2016,1163,1242,9,1,Y,Y,0
3294,2016_1274_1455,1.0,2016,1274,1455,3,11,Y,Y,0
3295,2016_1314_1344,1.0,2016,1314,1344,1,9,W,W,0
3296,2016_1139_1438,0.0,2016,1139,1438,9,1,X,X,0
3297,2016_1218_1268,0.0,2016,1218,1268,13,5,Y,Y,0
3298,2016_1323_1372,1.0,2016,1323,1372,6,14,W,W,0
3299,2016_1328_1433,1.0,2016,1328,1433,2,10,Z,Z,0
3300,2016_1332_1386,1.0,2016,1332,1386,1,8,Z,Z,0
3301,2016_1292_1393,0.0,2016,1292,1393,15,10,X,X,0
3302,2016_1320_1401,0.0,2016,1320,1401,11,3,Z,Z,0
3303,2016_1234_1437,0.0,2016,1234,1437,7,2,Y,Y,0
3304,2016_1458_1462,1.0,2016,1458,1462,7,2,W,W,1
3305,2016_1242_1268,1.0,2016,1242,1268,1,5,Y,Y,0
3306,2016_1328_1401,1.0,2016,1328,1401,2,3,Z,Z,0
3307,2016_1181_1332,0.0,2016,1181,1332,4,1,Z,Z,0
3308,2016_1274_1437,0.0,2016,1274,1437,3,2,Y,Y,0
3309,2016_1231_1314,0.0,2016,1231,1314,5,1,W,W,0
3310,2016_1323_1458,1.0,2016,1323,1458,6,7,W,W,0
3311,2016_1211_1393,0.0,2016,1211,1393,11,10,X,X,0
3312,2016_1235_1438,0.0,2016,1235,1438,4,1,X,X,0
3313,2016_1328_1332,1.0,2016,1328,1332,2,1,Z,Z,1
3314,2016_1242_1437,0.0,2016,1242,1437,1,2,Y,Y,1
3315,2016_1314_1323,1.0,2016,1314,1323,1,6,W,W,0
3316,2016_1393_1438,1.0,2016,1393,1438,10,1,X,X,1
3317,2016_1314_1393,1.0,2016,1314,1393,1,10,W,X,0
3318,2016_1328_1437,0.0,2016,1328,1437,2,2,Z,Y,1
3319,2016_1314_1437,0.0,2016,1314,1437,1,2,W,Y,1
3320,2017_1243_1448,1.0,2017,1243,1448,11,11,Z,Z,1
3321,2017_1291_1309,1.0,2017,1291,1309,16,16,W,W,1
3322,2017_1300_1413,0.0,2017,1300,1413,16,16,Y,Y,1
3323,2017_1344_1425,0.0,2017,1344,1425,11,11,W,W,1
3324,2017_1112_1315,1.0,2017,1112,1315,2,15,X,X,0
3325,2017_1139_1457,1.0,2017,1139,1457,4,13,Z,Z,0
3326,2017_1190_1196,0.0,2017,1190,1196,13,4,W,W,0
3327,2017_1195_1199,0.0,2017,1195,1199,14,3,X,X,0
3328,2017_1211_1355,1.0,2017,1211,1355,1,16,X,X,0
3329,2017_1235_1305,1.0,2017,1235,1305,5,12,Y,Y,0
3330,2017_1278_1292,0.0,2017,1278,1292,5,12,Z,Z,1
3331,2017_1321_1435,1.0,2017,1321,1435,8,9,X,X,0
3332,2017_1323_1343,1.0,2017,1323,1343,5,12,X,X,0
3333,2017_1345_1436,1.0,2017,1345,1436,4,13,Y,Y,0
3334,2017_1388_1433,1.0,2017,1388,1433,7,10,X,X,0
3335,2017_1291_1437,0.0,2017,1291,1437,16,1,W,W,0
3336,2017_1423_1438,0.0,2017,1423,1438,12,5,W,W,0
3337,2017_1137_1452,0.0,2017,1137,1452,13,4,X,X,0
3338,2017_1439_1458,0.0,2017,1439,1458,9,8,W,W,0
3339,2017_1268_1462,0.0,2017,1268,1462,6,11,X,X,1
3340,2017_1116_1371,1.0,2017,1116,1371,8,9,Z,Z,0
3341,2017_1124_1308,1.0,2017,1124,1308,3,14,W,W,0
3342,2017_1153_1243,1.0,2017,1153,1243,6,11,Z,Z,0
3343,2017_1181_1407,1.0,2017,1181,1407,2,15,W,W,0
3344,2017_1242_1413,1.0,2017,1242,1413,1,16,Y,Y,0
3345,2017_1246_1297,1.0,2017,1246,1297,2,15,Z,Z,0
3346,2017_1240_1257,0.0,2017,1240,1257,15,2,Y,Y,0
3347,2017_1276_1329,1.0,2017,1276,1329,7,10,Y,Y,0
3348,2017_1274_1277,0.0,2017,1274,1277,8,9,Y,Y,1
3349,2017_1314_1411,1.0,2017,1314,1411,1,16,Z,Z,0
3350,2017_1233_1332,0.0,2017,1233,1332,14,3,Y,Y,0
3351,2017_1166_1348,0.0,2017,1166,1348,6,11,Y,Y,1
3352,2017_1266_1376,0.0,2017,1266,1376,10,7,W,W,0
3353,2017_1245_1417,0.0,2017,1245,1417,14,3,Z,Z,0
3354,2017_1374_1425,0.0,2017,1374,1425,6,11,W,W,1
3355,2017_1173_1455,0.0,2017,1173,1455,7,10,Z,Z,1
3356,2017_1112_1388,1.0,2017,1112,1388,2,7,X,X,0
3357,2017_1139_1292,1.0,2017,1139,1292,4,12,Z,Z,0
3358,2017_1196_1438,1.0,2017,1196,1438,4,5,W,W,0
3359,2017_1211_1321,1.0,2017,1211,1321,1,8,X,X,0
3360,2017_1235_1345,0.0,2017,1235,1345,5,4,Y,Y,0
3361,2017_1323_1452,0.0,2017,1323,1452,5,4,X,X,0
3362,2017_1437_1458,0.0,2017,1437,1458,1,8,W,W,1
3363,2017_1199_1462,0.0,2017,1199,1462,3,11,X,X,1
3364,2017_1124_1425,1.0,2017,1124,1425,3,11,W,W,0
3365,2017_1242_1277,1.0,2017,1242,1277,1,9,Y,Y,0
3366,2017_1246_1455,1.0,2017,1246,1455,2,10,Z,Z,0
3367,2017_1257_1276,0.0,2017,1257,1276,2,7,Y,Y,1
3368,2017_1116_1314,0.0,2017,1116,1314,8,1,Z,Z,0
3369,2017_1332_1348,1.0,2017,1332,1348,3,11,Y,Y,0
3370,2017_1181_1376,0.0,2017,1181,1376,2,7,W,W,1
3371,2017_1153_1417,0.0,2017,1153,1417,6,3,Z,Z,0
3372,2017_1211_1452,1.0,2017,1211,1452,1,4,X,X,0
3373,2017_1242_1345,1.0,2017,1242,1345,1,4,Y,Y,0
3374,2017_1276_1332,0.0,2017,1276,1332,7,3,Y,Y,0
3375,2017_1112_1462,0.0,2017,1112,1462,2,11,X,X,1
3376,2017_1196_1458,1.0,2017,1196,1458,4,8,W,W,0
3377,2017_1246_1417,1.0,2017,1246,1417,2,3,Z,Z,0
3378,2017_1139_1314,0.0,2017,1139,1314,4,1,Z,Z,0
3379,2017_1124_1376,0.0,2017,1124,1376,3,7,W,W,1
3380,2017_1211_1462,1.0,2017,1211,1462,1,11,X,X,0
3381,2017_1242_1332,0.0,2017,1242,1332,1,3,Y,Y,1
3382,2017_1246_1314,0.0,2017,1246,1314,2,1,Z,Z,0
3383,2017_1196_1376,0.0,2017,1196,1376,4,7,W,W,1
3384,2017_1211_1376,1.0,2017,1211,1376,1,7,X,W,0
3385,2017_1314_1332,1.0,2017,1314,1332,1,3,Z,Y,0
3386,2017_1211_1314,0.0,2017,1211,1314,1,1,X,Z,1
3387,2018_1254_1347,0.0,2018,1254,1347,16,16,W,W,1
3388,2018_1382_1417,1.0,2018,1382,1417,11,11,W,W,1
3389,2018_1113_1393,0.0,2018,1113,1393,11,11,X,X,1
3390,2018_1300_1411,0.0,2018,1300,1411,16,16,Z,Z,1
3391,2018_1104_1439,1.0,2018,1104,1439,9,8,W,W,1
3392,2018_1112_1138,0.0,2018,1112,1138,4,13,Y,Y,1
3393,2018_1181_1233,1.0,2018,1181,1233,2,15,X,X,0
3394,2018_1196_1382,1.0,2018,1196,1382,6,11,W,W,0
3395,2018_1211_1422,1.0,2018,1211,1422,4,13,Z,Z,0
3396,2018_1222_1361,1.0,2018,1222,1361,6,11,Z,Z,0
3397,2018_1242_1335,1.0,2018,1242,1335,1,16,X,X,0
3398,2018_1172_1246,0.0,2018,1172,1246,12,5,Y,Y,0
3399,2018_1260_1274,1.0,2018,1260,1274,11,6,Y,Y,1
3400,2018_1276_1285,1.0,2018,1276,1285,3,14,Z,Z,0
3401,2018_1326_1355,1.0,2018,1326,1355,5,12,Z,Z,0
3402,2018_1328_1348,0.0,2018,1328,1348,10,7,X,X,0
3403,2018_1301_1371,0.0,2018,1301,1371,9,8,X,X,0
3404,2018_1397_1460,1.0,2018,1397,1460,3,14,Y,Y,0
3405,2018_1372_1403,0.0,2018,1372,1403,14,3,W,W,0
3406,2018_1347_1437,0.0,2018,1347,1437,16,1,W,W,0
3407,2018_1120_1158,1.0,2018,1120,1158,4,13,X,X,0
3408,2018_1116_1139,0.0,2018,1116,1139,7,10,W,W,1
3409,2018_1153_1209,1.0,2018,1153,1209,2,15,Y,Y,0
3410,2018_1155_1308,1.0,2018,1155,1308,5,12,X,X,0
3411,2018_1199_1281,1.0,2018,1199,1281,9,8,Z,Z,1
3412,2018_1166_1243,0.0,2018,1166,1243,8,9,Y,Y,1
3413,2018_1267_1455,1.0,2018,1267,1455,13,4,W,W,1
3414,2018_1137_1277,0.0,2018,1137,1277,14,3,X,X,0
3415,2018_1305_1400,1.0,2018,1305,1400,7,10,Y,Y,0
3416,2018_1252_1314,0.0,2018,1252,1314,15,2,Z,Z,0
3417,2018_1168_1345,0.0,2018,1168,1345,15,2,W,W,0
3418,2018_1393_1395,1.0,2018,1393,1395,11,6,X,X,1
3419,2018_1344_1401,0.0,2018,1344,1401,10,7,Z,Z,0
3420,2018_1420_1438,1.0,2018,1420,1438,16,1,Y,Y,1
3421,2018_1293_1452,0.0,2018,1293,1452,12,5,W,W,0
3422,2018_1411_1462,0.0,2018,1411,1462,16,1,Z,Z,0
3423,2018_1181_1348,1.0,2018,1181,1348,2,7,X,X,0
3424,2018_1211_1326,1.0,2018,1211,1326,4,5,Z,Z,0
3425,2018_1242_1371,1.0,2018,1242,1371,1,8,X,X,0
3426,2018_1138_1246,0.0,2018,1138,1246,13,5,Y,Y,0
3427,2018_1260_1397,1.0,2018,1260,1397,11,3,Y,Y,1
3428,2018_1222_1276,0.0,2018,1222,1276,6,3,Z,Z,0
3429,2018_1196_1403,0.0,2018,1196,1403,6,3,W,W,0
3430,2018_1104_1437,0.0,2018,1104,1437,9,1,W,W,0
3431,2018_1120_1155,0.0,2018,1120,1155,4,5,X,X,1
3432,2018_1199_1462,1.0,2018,1199,1462,9,1,Z,Z,1
3433,2018_1243_1420,1.0,2018,1243,1420,9,16,Y,Y,0
3434,2018_1153_1305,0.0,2018,1153,1305,2,7,Y,Y,1
3435,2018_1139_1345,0.0,2018,1139,1345,10,2,W,W,0
3436,2018_1277_1393,0.0,2018,1277,1393,3,11,X,X,1
3437,2018_1314_1401,0.0,2018,1314,1401,2,7,Z,Z,1
3438,2018_1267_1452,0.0,2018,1267,1452,13,5,W,W,0
3439,2018_1199_1211,1.0,2018,1199,1211,9,4,Z,Z,1
3440,2018_1243_1246,1.0,2018,1243,1246,9,5,Y,Y,1
3441,2018_1260_1305,1.0,2018,1260,1305,11,7,Y,Y,1
3442,2018_1276_1401,1.0,2018,1276,1401,3,7,Z,Z,0
3443,2018_1181_1393,1.0,2018,1181,1393,2,11,X,X,0
3444,2018_1155_1242,0.0,2018,1155,1242,5,1,X,X,0
3445,2018_1345_1403,0.0,2018,1345,1403,2,3,W,W,1
3446,2018_1437_1452,1.0,2018,1437,1452,1,5,W,W,0
3447,2018_1243_1260,0.0,2018,1243,1260,9,11,Y,Y,1
3448,2018_1199_1276,0.0,2018,1199,1276,9,3,Z,Z,0
3449,2018_1181_1242,0.0,2018,1181,1242,2,1,X,X,0
3450,2018_1403_1437,0.0,2018,1403,1437,3,1,W,W,0
3451,2018_1260_1276,0.0,2018,1260,1276,11,3,Y,Z,0
3452,2018_1242_1437,0.0,2018,1242,1437,1,1,X,W,1
3453,2018_1276_1437,0.0,2018,1276,1437,3,1,Z,W,0
